1842
1839
1821
1811
566
1809
1804
1800
1796
1790
1783
1779
1776
1764
1762
1748
1746
767
795
1648
1709
1708
1707
443
1694
1682
1668
1665
1664
1797
1662
1657
961
1656
1655
1651
1650
579
1647
1621
1642
1641
1637
1635
471
1054
844
1633
1106
1632
1628
1617
1784
864
1607
1603
1597
1584
1582
1570
1569
1560
1557
277
1550
1544
1543
1534
1526
1533
1532
658
1058
1525
1519
1713
937
1518
1513
1504
1100
1499
1498
605
1495
1494
347
1484
1480
1478
1476
1706
546
1721
1540
1474
1472
339
1470
1801
1466
1457
1439
1430
1427
1424
1422
1418
1461
1011
593
1414
1087
1412
1411
1396
1388
1387
1818
600
1279
1385
1375
231
882
382
492
900
1370
1366
1347
543
801
1346
1343
1638
1339
1723
1338
1334
502
762
1324
1323
1321
976
1318
257
1681
1613
1316
1302
1283
934
1546
1705
1282
485
561
7
596
1281
1116
1277
404
708
193
1271
555
224
3
1270
1265
1264
781
1241
1238
1234
1224
384
1188
1221
580
1220
1219
114
187
1208
1674
1206
1205
1202
1186
287
1183
1249
1180
1176
1826
36
745
1765
910
604
1352
1167
1164
1157
1155
689
872
1152
1138
1133
1129
1290
450
1125
1109
1105
1095
530
411
964
1630
1537
588
1077
1060
346
1052
1044
1041
862
1177
1634
1187
135
1023
1115
1040
1037
1814
1034
858
27
969
1033
1000
998
881
994
1489
986
831
1244
1774
979
967
989
966
954
884
948
569
938
933
1601
932
929
927
918
916
914
430
890
436
888
877
875
859
536
857
850
848
837
828
827
821
809
666
797
721
367
791
786
783
1639
1201
306
354
1415
1695
563
780
778
1301
777
774
285
483
728
769
768
1572
327
1344
759
441
755
747
746
741
740
738
154
729
688
720
718
713
691
812
1337
1691
1257
137
829
1710
1615
210
397
1408
687
686
684
169
1592
1268
683
680
675
671
378
1072
331
665
646
28
625
620
1389
1259
1441
611
602
589
586
560
552
549
548
1401
531
134
1545
529
522
559
520
519
512
1398
1406
508
507
1051
448
497
496
495
965
464
493
488
185
472
427
789
612
1823
468
460
451
444
319
442
1026
432
424
314
1068
1139
1065
1326
420
413
406
395
393
947
396
389
714
387
386
375
151
174
201
463
1135
356
351
1832
345
343
1492
1080
1240
335
334
332
1046
322
1732
320
1589
313
301
1754
157
288
283
276
275
1524
271
19
1131
270
260
259
255
63
760
254
227
1397
1719
223
222
198
1091
240
139
1336
1463
92
700
1787
1243
1010
197
192
189
182
398
1400
383
1688
1586
1515
1295
422
943
717
822
426
149
1381
171
167
166
873
572
1019
1808
1789
1204
477
1739
1803
462
1747
86
993
155
153
150
1002
143
142
140
1649
1112
130
119
800
107
105
176
102
1516
698
931
261
694
467
1700
381
1731
173
318
919
1825
144
988
959
1043
305
1536
358
408
1806
1333
1802
87
1564
1111
1734
1756
1792
1300
1113
74
12
669
1059
1507
1793
1744
39
1702
68
509
911
118
521
1485
719
1199
1727
1517
635
775
851
250
308
1121
453
652
1253
1433
1064
1711
1211
1379
1393
340
898
987
1181
1212
1813
1310
230
1254
35
1048
1050
1660
100
394
96
1317
93
81
73
69
67
1173
886
1140
1364
1455
1627
1722
4
930
216
1126
617
324
895
194
866
1189
1522
401
476
138
219
996
5
357
478
1830
712
592
667
1605
18
1677
962
51
733
48
46
42
1163
847
905
359
1246
172
953
1715
562
737
1631
1718
421
835
209
1477
79
1749
184
1025
374
1670
30
1328
403
22
1559
165
56
309
1436
770
1421
274
863
163
763
474
196
834
1771
1062
316
819
14
1372
533
416
1203
1108
1741
1067
817
1799
1298
1047
643
1009
380
98
1056
179
597
663
1410
648
1590
1755
1325
922
1757
1296
1616
825
779
207
1768
101
158
590
1297
773
517
1658
642
1148
1758
1063
1450
550
1451
1486
1429
1501
473
1073
60
1712
818
1373
622
440
1391
1159
537
95
365
212
1539
1645
1850
469
1654
917
494
487
1759
121
226
524
1360
45
571
249
724
1767
1553
465
1
641
808
568
984
17
10
191
310
946
372
1459
1255
1307
1836
557
200
1738
889
776
1149
1423
1134
1555
785
1190
470
1663
1215
693
1416
1509
893
920
1357
49
262
407
1280
765
1435
677
491
1610
1093
1185
1769
1042
803
1216
1005
352
72
855
659
104
311
1294
1468
1251
500
1561
660
974
1263
614
1097
342
1032
504
1419
76
640
583
117
626
162
869
955
1104
788
601
926
1293
782
1156
621
1021
528
1369
78
699
1291
109
516
108
1458
1012
1069
1666
280
1261
1445
951
630
1573
1725
1812
388
1123
1448
1351
1083
811
65
978
1552
457
860
1192
636
1487
983
1399
1689
1035
1232
1676
1595
1363
1306
1510
1114
1289
1226
928
1541
1252
459
968
1233
1563
1845
739
498
1521
627
41
685
177
1236
1256
1460
1828
647
1782
1101
1086
1745
541
514
1178
1440
701
278
1137
598
972
475
1425
992
206
681
1599
1022
697
657
47
1453
1154
1374
554
731
574
833
1786
136
364
706
676
1274
1737
820
333
970
1736
682
1667
125
813
843
1549
199
1835
225
723
1169
1620
1089
484
1320
170
1571
6
538
1250
128
894
131
702
1061
1055
1614
1207
644
1514
1353
302
744
1407
897
623
479
263
1099
1624
751
1118
564
1760
329
1687
925
868
215
183
606
1020
64
428
1685
1442
1773
1354
1237
631
434
1329
218
1728
710
876
1464
505
672
1071
481
734
456
146
1471
935
1446
267
1452
113
24
1568
991
985
429
1636
591
1327
570
1542
904
294
995
963
1162
705
764
1027
1493
1231
1082
1122
1671
1565
256
1844
903
945
1558
1538
315
349
252
1405
454
31
980
208
377
1260
1740
89
1753
632
178
1600
613
338
941
1822
431
854
1704
1045
1070
418
1530
1629
217
94
1267
1848
624
281
707
1179
213
1222
1171
304
1384
814
414
126
1824
735
1770
1309
1467
15
1378
29
1816
1834
32
1110
1247
202
1503
532
1611
115
637
379
1304
1377
490
609
619
772
1618
1567
1136
1170
749
1491
1678
1024
195
1716
164
1578
806
1443
654
452
758
1772
1142
1107
748
1640
1506
1227
52
594
595
1846
1368
1160
651
353
1313
307
362
1606
823
1128
639
9
1583
752
725
1580
553
282
1341
82
1078
1847
220
1840
907
1272
1074
1141
861
1153
1230
515
325
1195
1730
696
838
761
417
385
1646
499
936
736
815
695
80
727
295
369
1348
61
1497
1454
1778
940
1184
942
489
883
1085
1585
284
1469
1286
1488
43
832
8
1275
1303
615
1193
513
1120
1686
577
1717
268
88
575
1308
1102
1038
0
251
1229
425
1094
1432
1587
1269
400
802
243
298
1075
793
1262
415
273
1380
1409
361
906
1117
1815
704
950
312
204
921
1697
830
228
482
1577
1258
290
232
1653
1785
23
880
1596
794
839
1015
1810
766
247
1851
981
584
1701
603
1456
141
299
599
1098
1841
542
1591
1266
461
556
326
106
1575
1849
722
518
977
1006
1820
1696
1593
337
317
1090
1305
1018
11
323
123
205
237
152
1420
1680
1392
1752
1551
1103
53
159
525
908
242
25
650
1473
402
1228
852
1235
1512
1367
1535
241
1239
1761
1643
111
344
1579
55
1428
360
1684
582
1365
71
1143
1554
1017
1335
363
1403
1426
1434
1644
816
1340
1172
535
510
1729
186
1724
1780
1057
446
924
1562
1039
1404
370
1194
120
122
168
1819
57
447
1609
1807
1622
1733
1076
458
40
1817
732
973
480
1483
1288
190
1191
455
1376
523
34
321
328
949
244
203
1217
1482
376
124
678
1475
1031
567
1158
1673
662
1683
330
62
840
33
1386
960
1218
1315
1225
148
1833
445
21
292
1831
13
1175
145
1626
419
1479
618
371
303
826
1345
1531
1529
1165
221
1395
1659
1743
810
634
391
1361
54
233
258
129
1838
91
1330
1359
661
846
1362
99
1528
127
147
544
901
50
272
112
435
1030
1431
486
674
181
229
1127
245
1735
757
899
1698
1003
1500
1714
1088
1145
297
368
234
703
1053
1092
66
1146
1273
1319
110
1242
409
1402
1004
16
1049
1292
836
865
1588
70
75
399
1581
607
756
1829
1623
132
1287
1081
565
1481
845
1358
856
1703
20
188
997
799
1508
211
1314
1574
26
581
1726
1382
449
77
730
90
527
1008
1285
716
1245
1437
1028
753
44
742
348
1161
97
1016
912
804
1209
239
956
1527
1001
585
679
1742
355
913
923
350
628
1566
902
38
279
807
1444
656
545
246
1331
668
551
792
957
573
1465
37
1447
503
235
1278
103
796
1827
1556
1132
1781
1417
1505
1720
58
1843
1124
870
1394
909
726
1750
664
754
1168
269
1350
1182
501
1490
975
1625
547
1751
1007
1598
896
437
915
1777
1805
1547
291
412
1502
59
653
1669
878
750
526
1079
1356
1342
1036
373
116
85
874
83
673
540
1794
264
824
867
1795
534
175
1604
715
990
771
971
1299
1511
887
1119
390
253
1576
1200
1084
1166
84
1284
849
341
558
629
892
1096
248
1383
405
1197
655
743
610
1223
958
1672
1144
645
236
576
1652
238
633
133
1496
161
214
1438
423
1322
366
300
286
805
999
1462
638
410
891
1675
1311
649
336
1692
1198
1371
1151
506
790
1520
539
1029
944
670
1619
608
265
1693
160
2
1612
293
1355
1014
1602
1214
1210
885
392
1312
1608
1013
798
180
1213
1276
156
1775
1390
1548
690
289
266
438
578
1679
939
841
1661
616
879
1147
433
296
1690
1699
587
1248
1413
1766
1150
1449
1837
709
1594
1763
1332
511
1349
466
1066
784
982
1791
1788
853
952
1174
871
1196
439
692
1523
1798
711
842
787
1130
