89
121
00 10
01 11
02 03
02 12
03 04
03 13
04 05
05 06
06 16
06 07
07 17
08 09
08 18
09 19
10 20
11 12
11 21
12 22
13 14
13 23
14 15
15 16
15 25
16 17
17 18
17 27
18 19
19 29
20 21
22 32
22 23
23 24
24 25
25 26
25 35
26 36
27 37
28 29
28 38
29 39
30 40
30 31
31 32
31 41
33 43
34 35
34 44
35 36
35 45
38 48
38 39
40 41
40 50
41 42
42 52
43 53
44 54
45 55
46 56
48 49
48 58
50 51
51 52
51 61
52 53
52 62
53 63
54 55
55 65
56 57
56 66
57 67
58 59
58 68
59 69
60 61
60 70
61 62
63 64
63 73
64 74
66 67
66 76
67 68
69 79
70 80
70 71
71 72
72 73
72 82
73 83
75 76
75 85
77 78
77 87
78 79
79 89
80 81
80 90
81 82
81 91
82 83
83 84
84 85
84 94
85 86
85 95
86 96
86 87
87 97
88 89
88 98
89 99
90 91
91 92
92 93
93 94
95 96
96 97
97 98
98 99
