5557
8284
7447
3550
3856
1879
9289
3224
9174
874
3947
2705
5785
3540
7698
5779
2757
9076
6919
6169
1839
9015
3733
7693
224
2866
5229
6921
8267
1348
8437
7634
7881
2272
3696
4850
9109
4629
2539
6757
8348
4519
7353
8497
6585
9112
596
2232
6198
4812
8707
9639
8648
4408
9361
2543
3112
1933
1119
1647
2900
1717
9615
7288
7241
7160
8641
2711
4674
3446
454
5913
2819
8318
1724
85
2101
6346
5533
5311
753
8810
1648
1126
3043
9429
4562
3564
1948
7605
5482
5540
2325
9313
2527
4304
3758
8115
8353
5984
5067
1268
2794
8684
4150
1400
3863
29
6790
8614
6659
5251
7791
6649
8340
7886
3197
9394
6909
6321
7830
794
7844
9803
1825
3488
2818
1087
9457
2538
8301
1358
8705
1471
4833
1477
3295
5330
7751
4728
2071
1312
2222
4220
9161
1982
5543
1334
3871
7009
5709
4889
7864
5142
5458
6361
460
265
9069
5365
2635
2184
2265
2475
3588
4625
7991
4183
2641
5531
5999
6234
2333
4612
419
4815
1581
4921
9890
6231
8243
1795
7375
2955
1693
8462
9196
2180
8709
1250
2340
4343
3921
2871
6782
7270
174
8333
7310
6437
5749
9478
8079
4274
5942
4542
2728
6911
3520
8531
4512
2558
5533
6321
5981
1327
6007
5051
3908
2139
598
4865
244
8662
830
9355
8818
8642
63
4959
6881
3874
9890
4500
5739
8971
1480
9505
6483
8017
1144
9661
9817
2326
8140
4284
7220
5085
6191
7215
9506
4135
5365
2113
2067
8683
8529
2336
4892
8440
3146
3944
4786
9234
890
3405
6229
7928
2209
7917
2833
5135
3109
1942
4269
3919
2225
4941
6918
497
9147
241
5037
5378
5954
9614
289
2011
2246
8741
3078
5769
183
771
9877
6018
7395
3298
818
2984
8959
4944
3743
9339
2358
846
6004
2600
4211
3289
1867
8567
5352
5290
2369
6560
4459
1442
5418
6719
6314
3691
3795
9450
7581
6883
7511
3463
4194
6704
3121
2144
254
8574
9985
2920
6164
7728
9688
341
3756
2656
7164
9350
814
7387
4675
5420
9140
5845
5031
4985
6388
3576
8994
4859
861
9909
8883
4125
6293
2284
637
5556
1631
9096
1275
8041
298
9570
4316
6161
1855
4812
1796
8072
3130
3849
6729
2422
6146
7412
968
1060
3571
3275
1162
4719
9372
7203
8238
7698
672
2847
6710
7978
4870
8078
4750
3510
4098
1275
5445
1979
7716
1229
5010
721
3546
5474
2691
7365
5174
3293
3688
6418
4913
3488
4548
1145
4287
5682
3443
1990
5255
72
6636
672
9948
4232
5857
1093
7970
745
8162
4406
4199
1615
3714
2454
5900
8681
6252
1544
667
307
7000
617
2574
385
8063
7246
2030
1292
9350
1443
2585
1117
7504
5473
6516
4832
7076
1131
9293
3436
2139
8975
7868
8273
3252
9243
3351
3538
4246
2238
2598
980
9183
6584
536
8636
4488
6771
9024
3276
1074
9802
4932
7310
7233
7006
2101
3610
8760
2229
2651
7769
1323
8161
5739
4448
6955
5460
4242
9588
750
5503
8736
3608
6653
8153
7966
4690
4033
6833
94
5668
1597
1322
8991
9880
6247
8424
8721
8628
3593
6374
2773
6831
3190
9269
2024
1550
2385
6902
2784
6625
7388
1560
7890
7187
8680
5761
1661
6328
5002
5384
1427
7675
2419
7968
2323
4577
364
8653
4319
7437
7284
8888
5844
9583
8833
3013
559
9307
6161
2486
435
3146
6663
9841
4704
6811
8746
9868
9614
4553
6437
1455
5227
509
3337
2309
5529
4930
3801
6998
6512
9601
5866
4899
3293
9612
7342
3281
7316
283
8076
8214
8826
3057
8248
3718
366
8991
6212
1429
4710
1831
7119
3037
7823
8978
6543
4434
9551
2169
431
749
6934
2884
7442
9653
5524
441
6567
2755
4372
4596
4669
693
2111
7363
6517
7171
9269
1529
1223
1494
3890
7861
8230
1964
6219
7732
7574
6694
2578
7655
7422
2458
9208
6142
3047
3107
4840
9701
8435
3430
7352
6366
8281
3130
2146
3438
9125
2258
8187
1466
7878
2001
9011
396
3281
500
2664
2351
3864
3422
715
9163
2105
5866
4688
521
9515
2564
9363
75
9883
826
7009
8064
5508
2683
6316
7849
9696
2172
4003
9200
4022
6324
5416
8980
6784
5764
80
563
2299
598
8858
9867
510
8932
8238
8174
3646
6857
4347
3220
3767
1331
4473
637
5467
7389
8379
6231
7088
9982
7218
1333
1504
4225
7064
6380
1337
3325
9857
5894
7584
5580
232
8958
9631
6853
7346
2654
2424
6166
7954
3055
820
2238
2738
5398
4888
2132
2508
6942
8546
368
4432
2143
8480
7315
148
3534
4780
1998
7367
9107
242
8807
6419
9229
1715
3090
8947
7508
7902
4226
3744
789
2422
2302
1707
8019
9621
3860
4912
3429
888
5627
9472
458
138
649
3436
8376
5156
6352
607
7999
4523
6232
1710
9159
9816
3206
3334
2762
3692
389
4065
5862
6973
4135
1205
7050
7190
601
921
9412
5259
8352
3942
8495
4745
7519
1146
732
9953
2705
3713
6658
1323
1897
8261
3715
212
1730
9053
3459
1498
2191
8034
8109
3024
2395
1825
9412
8285
1290
4433
5007
7551
1513
973
1855
4343
7714
306
4910
9268
2636
5273
9699
6677
1865
9555
1579
7177
5644
2366
6841
2768
737
1336
8147
6428
9123
8640
4855
3591
1082
72
3906
1446
244
8408
3051
7410
8974
3746
4484
5550
8644
1160
511
5909
4508
197
6766
2142
497
1660
9136
1972
9227
4025
6208
9490
7902
4557
6856
7900
8909
3887
2948
8625
2743
9715
7918
2475
4154
4086
6011
4434
7639
1463
2274
4021
5563
273
6148
4703
5841
4356
2291
825
8993
5373
8944
1019
4046
271
7963
3693
5386
7710
141
2483
568
2486
471
9874
3562
8767
5514
4437
3306
5259
8495
5172
3200
6351
8760
6262
3282
7882
3264
6383
1880
3000
597
8673
5739
7622
1737
1093
3744
2038
4832
2965
4320
6526
7455
4147
7927
6591
5747
4432
2690
4747
1201
1280
1256
9580
2624
140
4782
9336
6783
3151
3103
597
6459
3841
7863
2617
7388
2423
9615
2443
5755
1694
1332
5686
8963
9915
4115
3861
4395
9570
8822
9705
5797
2930
1641
8856
6501
6140
1120
74
3658
127
6256
4695
1490
4931
3522
1237
6428
5583
4764
5173
3289
3774
9940
8280
7414
6994
8199
4839
3267
1693
9337
4598
9390
6057
9749
5164
3984
6782
3454
1895
5744
5786
180
5858
6769
6857
8719
4480
6330
3996
9513
2586
8358
2579
3113
2955
5578
9371
8534
3066
1436
5860
1246
8255
5942
6726
1433
8316
5799
1562
843
2370
171
5492
2139
6633
8207
3067
4431
2042
8325
5665
4847
1465
4833
140
1295
5573
7907
5232
1492
2730
646
2993
5838
838
9384
3716
4986
8443
3243
2942
655
6621
4390
1348
1908
5922
5866
1032
8442
2123
2705
2736
4131
3720
8514
1999
8105
8001
9915
8414
65
3353
1451
3063
3467
866
253
8053
5647
7332
1956
8347
9987
8797
296
7377
9871
6073
5461
130
802
5548
204
87
3539
5979
4540
1032
5715
6725
9905
1205
2099
1827
9014
7193
8957
4310
3620
9128
220
6136
361
4475
5206
4290
6707
3488
7742
4963
2768
9122
8688
2413
6435
3206
4308
8803
4069
131
925
9095
3265
7239
6177
2218
3413
3618
8940
156
8271
4269
3786
1051
4330
3685
7068
4367
4069
9691
6453
3418
7966
7721
4690
2746
3738
7150
5562
2736
4371
585
1638
7394
389
4719
1039
6252
8799
2385
7634
7956
5280
7596
7448
1184
3075
1610
941
1872
6964
7536
688
1366
9234
1178
6613
5117
1122
4911
2626
8289
6989
6608
9456
6730
9900
1667
3316
6624
604
6447
5227
7414
3664
6492
4829
683
4760
8254
4817
284
1757
1960
4855
2666
2379
1884
3792
7426
9681
9300
8821
1283
1818
3494
5369
4052
9187
1854
4808
2945
7507
7034
4820
2002
7431
9318
9544
8386
853
4390
2826
2726
3598
2529
8432
8669
6468
2220
5048
2165
3429
3185
731
9194
9301
7685
1521
5599
2729
9529
2459
8591
1243
4685
4419
3050
5009
7566
5968
6578
4105
4305
6983
8536
2118
2442
5248
3832
6192
6878
4944
78
5412
3085
6198
4256
8994
7323
9380
3874
8832
250
8234
8851
8321
8803
4362
197
8525
3751
4960
5508
5515
1443
8322
511
1618
182
8766
1783
6692
3158
7405
3228
8944
1046
8165
2337
9761
5526
7196
771
8836
1240
257
5692
4617
3937
8446
9691
8404
3741
2035
1975
509
4324
9588
6101
5898
4504
9994
4646
4815
8975
4642
4201
1635
8567
593
3996
7914
1582
9191
6621
5417
5209
388
5160
8147
2412
8330
4952
5286
4314
2171
4131
7414
1423
1457
2702
1508
3304
9278
5066
5078
1231
684
4465
2965
6944
6663
1591
788
4965
2737
6582
444
7157
8138
1596
7967
217
5332
3523
2474
3978
1127
4631
3779
2027
8396
3438
6937
6743
9840
9192
6841
7782
4249
4061
8982
6983
2050
5367
4943
9210
587
9978
4693
8268
2706
5654
9771
7858
4798
9634
4339
6123
1113
8301
4961
6501
1784
7216
2316
3298
9871
3483
5559
5332
8665
6711
2009
325
182
2160
9598
395
462
5342
8760
2906
9076
1162
8546
4415
7555
3
3322
7895
4205
694
7863
1129
942
3870
7088
2128
8707
3641
7447
1332
4086
2018
2979
3953
7287
7465
9481
4190
2854
9163
8048
7937
3513
4570
7015
5647
7669
6432
4344
2615
9741
3107
5257
6274
732
8898
6474
2928
835
1567
7007
1119
5916
4860
8116
1806
9205
1215
7186
450
5188
5480
5583
4419
4396
7457
1235
1853
820
5382
6593
1941
2490
5272
2938
8936
3610
879
8962
3572
180
4426
2509
1422
3074
1627
9784
3744
334
7079
1715
9323
3363
5927
6772
7426
3010
2498
6743
3836
140
1731
3801
8320
4757
5753
4649
8642
8139
590
23
1386
521
4227
8774
6551
100
6755
8970
7303
8245
7095
203
259
8219
600
7242
3302
9956
8751
2337
9883
8532
1985
9773
8791
5460
1804
1775
5187
2535
1465
5711
3316
92
868
7526
8617
9736
665
9827
809
3140
4705
317
7436
4126
3418
2135
1227
8221
3651
8515
5061
2757
2404
3538
8233
7120
2541
898
151
984
6204
5381
4733
8556
9712
9710
5828
4209
9236
5694
6210
1026
6858
1282
7320
205
5110
353
7629
4537
4822
8608
9894
6422
8537
4441
6086
4223
9536
9932
7590
986
9024
6539
6870
2308
9826
8409
235
71
6799
3019
1715
9678
2439
4895
6142
8647
4091
2057
8640
5635
4421
2471
3661
7426
8048
2556
282
3889
5825
5228
2427
6761
5623
3911
9447
7414
7236
4855
7788
4857
5583
4204
555
3862
2835
8275
8951
2073
2979
9727
6398
3669
5574
695
6224
7470
7694
62
3231
8118
7229
6768
6304
1344
3090
6646
248
1744
1364
5806
3648
2021
5507
240
3778
2911
5359
1753
2257
3320
7397
8659
1559
3913
5083
7582
4270
8105
814
8401
8690
6649
2165
266
6302
4692
5119
303
333
9093
6836
2530
928
7850
1355
9805
1491
9027
267
211
6229
1658
7756
6787
1538
4915
9381
6530
3897
7290
5916
3701
4289
5635
3907
662
4415
9353
996
4717
1144
5928
718
5008
2386
6582
387
8301
9707
3358
9478
5505
8821
7881
583
688
3254
8930
7149
1160
5974
3804
4650
8449
4714
5810
5798
3359
9975
179
3774
9074
9558
9517
391
6677
2634
2526
8362
5948
1758
9411
817
6987
6125
8782
5191
2330
3050
4114
533
9639
8119
7471
9226
2535
2701
5852
6450
8613
8558
2098
1640
3402
648
405
1258
5618
9335
769
916
2494
2007
4027
123
2193
7194
2494
7394
6618
7047
8877
2769
4302
3123
1034
50
4180
7967
904
3756
1931
6512
9856
1119
8645
9060
304
2865
4087
6518
7690
2091
4925
9939
738
4281
8544
2647
3547
310
27
6383
8089
4764
6054
5106
6100
7365
723
6815
3451
9903
8297
9514
2070
625
7758
2884
4486
3024
7112
4246
2366
2733
952
2926
7854
2848
1847
1798
2445
1559
9804
4198
8902
5262
8399
8976
9099
8272
1619
5674
7097
7327
771
7942
4676
216
5149
717
3538
3095
1727
6798
5238
2582
2592
998
9634
6409
4798
5574
9008
8611
6029
9232
9119
7314
8068
1231
4759
4489
4048
851
7822
7488
5082
3344
5213
6898
3221
2598
2531
4484
7009
2944
6026
2584
5115
1626
9794
7864
9485
9707
3669
6904
8569
7922
2865
8166
9805
6846
6507
6682
5505
9356
411
7766
4436
669
8053
4875
1584
5887
9668
4643
5348
4378
1943
9077
1724
664
6397
7943
7675
1691
6385
5700
3679
276
3387
2074
1413
9774
1865
9846
4504
7173
5390
1275
2063
9379
9126
6206
1702
4402
1675
1619
9141
884
9697
3069
8484
3515
1643
4319
6186
2729
566
7465
2683
2636
4989
1560
6683
7874
5193
7971
5728
2118
924
1592
8080
7039
1149
1458
1640
4911
8859
6362
5327
1463
5495
4066
9455
5256
136
870
2130
8083
5998
2687
9538
4381
9210
3155
5475
2874
1167
4565
4088
6710
8833
3800
4747
1103
7519
2886
1346
5112
3088
5079
5946
1919
6168
6500
7665
1274
3578
3095
9227
3026
3732
6657
3588
2443
8404
6566
5674
4333
8294
5526
6389
9731
7476
9192
1377
8214
4687
2402
8582
5570
576
2698
7975
1764
1115
5227
5082
4248
5363
8089
4897
5003
4835
7392
2409
3666
3798
2549
1508
226
3399
9570
1640
1351
7491
4303
2649
5212
6135
2284
9956
3222
7094
9623
4462
5390
8953
6589
3605
3420
8432
4507
5567
412
792
7494
5596
3615
7459
5548
8792
3083
7882
689
1430
293
1193
1855
9591
4507
9634
9341
7611
3834
3524
7964
5132
6586
6784
5028
9553
6138
237
9335
3230
885
7148
9645
8268
9757
7763
7042
3058
1686
7954
6656
1947
5106
2970
3142
5139
1595
6630
7423
10
838
2833
2453
8556
4327
575
9314
4653
7559
6906
7384
2653
8680
6397
8069
2948
3067
7438
2160
456
374
5293
6301
8894
8625
1736
8236
2205
8534
6461
1451
4909
9980
8162
2681
6436
1088
6717
2166
274
2073
7112
451
2
2914
6168
8232
7402
3355
537
5214
9866
9311
2
3118
8624
4147
8254
9279
4303
8341
798
2282
6078
5214
3823
6564
708
7543
4525
1338
7738
4522
4563
186
6077
9681
4434
6841
4281
612
5717
4850
2240
1413
4838
6776
9832
8936
9758
4729
3127
2494
5290
9004
949
3462
6037
5771
5883
3615
1500
7895
2686
582
3726
9867
5820
6046
3700
4103
7903
6368
3577
5054
2892
9535
2129
1201
7810
2973
5032
2065
2451
2349
7756
2288
4137
1034
1736
6095
5559
6391
1493
6109
4771
9301
1504
3092
4615
4912
4725
4484
7222
7406
3969
558
2386
2063
2777
1900
3047
5500
8464
3220
1288
4651
9689
8844
3742
647
382
2966
305
6
2590
1361
7296
2286
3451
648
557
6835
7388
9572
4302
304
918
8231
3922
1390
2548
8857
2982
3227
8039
893
2975
5406
5772
4745
8903
4113
7636
2704
3651
8831
5538
4004
1435
3266
4694
8776
4192
7134
2698
4116
4351
8641
9213
5146
6608
5645
10
1167
8840
935
5262
9955
3289
1418
2462
8973
2531
8616
2930
697
3266
8697
566
7685
1418
3794
6314
1759
2881
5858
7027
2535
1018
4001
1402
1490
4034
7630
6605
2593
7448
5292
4071
2252
9814
5258
758
3547
9698
8034
3145
3505
4316
2562
5530
745
317
4697
8011
6278
5885
2026
166
9847
4948
7404
4841
4890
306
7408
3425
8873
6513
9523
7093
6512
4366
6959
7026
8526
4190
2226
3775
1810
6508
5119
2511
709
9902
5233
2399
7995
5072
5180
8962
1696
4679
7276
6037
3910
6448
690
5814
6443
9253
5320
5674
5735
4880
5545
351
2496
1011
5315
2603
8953
7672
2751
7893
6201
6711
2717
740
7495
6395
240
1072
8493
4458
7102
5446
4384
356
1830
3535
1755
9827
6812
363
7990
194
3664
1414
2581
161
3930
5972
3691
2803
3393
2922
3666
8334
7523
5235
9864
9650
1738
8917
704
5173
8721
4689
5246
3051
2664
290
6733
6140
1018
1634
3136
64
3633
239
8543
2155
4539
5496
5600
176
2211
5122
7750
2167
3349
5450
8057
6463
4233
5919
1864
330
7922
8227
3527
463
922
4300
629
4874
9766
9737
3701
2839
9498
2750
8162
5164
5710
9251
1511
70
2725
6437
4368
841
8926
1659
5255
4941
9951
6839
3992
3061
7662
3726
3835
6960
6308
2669
2922
9748
9143
8326
7930
3552
4997
9826
8669
3907
1795
7222
5911
5781
140
9089
6804
7447
90
2835
4614
9575
5517
418
8719
1863
6468
9570
7726
9182
2835
7844
4763
4342
693
8332
9945
2384
4827
6828
6818
4818
6569
7188
4336
6254
8637
1059
3439
6586
3438
2101
7069
6403
2914
6565
9603
4030
2430
7305
8014
5482
921
2041
8235
4153
2478
6539
6471
8864
3417
8424
6753
6568
5563
4591
759
9767
5187
5797
7067
1856
8305
3043
5062
8768
2799
6275
5845
1817
7904
4924
5172
8952
3808
1346
7209
8993
4638
463
4205
2599
7478
3984
5801
496
2143
2395
9164
1036
6150
6340
2078
9118
5946
1547
3183
287
1380
4563
665
3399
9663
215
1978
4363
5841
3297
6389
4524
3442
9793
5628
6923
4361
5041
4708
3163
6078
9022
5425
4879
47
6614
416
7734
9945
71
5477
7870
4418
7905
5074
2888
1175
4616
2139
9972
3950
8380
567
9433
9550
8526
1859
6669
9118
4343
7761
4296
7597
5487
5035
7740
6340
9968
3566
4828
4001
9204
9424
8646
7716
1842
4235
9312
1421
8826
9315
8361
6179
9498
5264
6642
2419
4945
82
1068
8709
9781
4252
4005
8098
3161
8153
8500
4337
8179
6686
5129
1933
8645
5598
3957
7330
6956
2606
6318
9446
47
1851
2416
783
7344
9495
9139
4568
8669
8043
3884
4363
3622
4202
5897
962
5644
1921
208
4901
8478
5372
9833
3896
4512
1310
4546
7241
9050
6546
1485
6361
987
4305
9561
7972
2508
7693
7902
620
5814
2818
480
1125
692
5626
236
6454
9751
2551
851
5084
275
4019
6237
899
681
506
9693
124
404
8675
4354
5795
1986
8745
9959
5548
8836
7590
6282
4242
6245
9675
7319
2859
3658
8120
2216
9980
547
8718
7279
2916
9283
129
8482
7220
9142
6534
5866
6222
9529
7727
2425
9623
5667
1036
4180
9946
6205
8674
3720
6553
927
6249
5767
3447
2864
5450
4119
371
3982
9610
1565
8488
478
5466
3165
5783
8159
3400
9249
5221
172
4326
927
3143
681
4760
6080
7239
911
4693
1231
6849
6134
2934
1108
9042
1023
8273
4952
1732
6878
3366
6872
9473
8909
348
3798
5678
5136
8634
6209
4938
8464
296
9554
5433
7206
1086
77
8170
5809
8080
3510
5945
2589
4360
264
5367
688
742
7764
8646
8549
5949
1686
3838
3694
9874
7090
1652
9223
2009
1137
3668
3515
3725
5744
7793
7329
0
398
3852
9985
2380
4194
1562
8353
5810
1511
5918
7695
556
9288
5154
3881
2668
7281
7251
5179
6780
6298
7172
5792
3978
2310
3556
1937
3232
5287
338
1991
9214
9617
2625
9285
263
1613
6027
8403
605
2964
3978
6983
7851
803
8300
7035
1865
250
3939
1716
7431
3152
5816
6087
3545
7822
5692
8254
4288
9057
7868
4483
4075
4013
1100
1485
4609
9669
1166
4146
3382
4016
3666
7459
9455
3491
202
6197
6714
4487
4833
2052
2873
6235
1485
2027
16
2196
6501
5727
2731
9120
7672
745
9849
4550
5344
7841
9022
7812
9753
3860
9295
5860
5270
1853
9372
3023
2127
3560
8860
4918
9603
7232
988
3137
3896
9752
4331
7632
645
4237
8907
4509
1875
1024
375
2186
3262
8074
3717
5496
9435
1510
5229
7752
614
6998
280
8439
755
9201
7760
412
5403
655
6338
6380
4474
2497
9386
3564
6720
8632
5908
4282
2831
1971
3890
4629
9493
8347
6020
9984
2020
1582
2502
2704
4175
518
8536
202
4267
3085
1291
6378
2308
6097
6869
9168
7645
3639
4996
928
2537
9764
4179
2193
3894
9431
5376
9236
3078
1528
4564
537
2415
1432
7340
7968
756
2634
7120
1459
712
1530
1286
3852
4178
7448
5408
5077
6457
4282
2032
3331
4802
235
9956
3671
4033
7507
3690
2138
4960
1739
2689
6518
5747
5065
3402
3924
1268
6589
8691
9193
393
9591
6797
8291
7049
3389
8962
9571
3732
2017
8406
3036
7114
4731
7992
8912
7701
1054
5950
3882
2394
6743
7937
9042
8991
1763
9949
2282
752
5435
289
1955
5598
8228
6884
6075
9847
3896
62
9645
7776
5242
5960
1185
4049
904
3628
5703
5998
9976
374
9118
181
3360
8460
8955
8981
6491
5190
8303
5915
3697
1128
1150
931
7830
5553
8715
6683
6870
7919
8033
180
9006
335
5958
1114
8336
4949
7247
1968
1477
9789
618
767
5899
8017
5618
5140
8528
2418
6709
6988
6285
2497
3585
2211
6901
1539
1526
2674
8717
8258
4555
3143
5449
5829
2888
7724
4976
7662
3743
2156
4877
4361
5754
957
2129
7694
335
3920
5643
3985
721
8274
6695
9063
9188
6467
7581
201
5574
1710
8775
3503
4413
7175
7148
9612
5169
6358
4129
2573
2462
8343
5389
4904
7148
3567
2960
4510
9466
3265
3096
894
2649
1480
7276
6363
3379
3791
7832
1599
9907
1081
8648
4307
2040
1724
7756
739
2209
6123
5094
8512
7307
2878
4517
1947
4638
1958
5659
2284
2966
5694
9554
1767
5155
9544
6751
1919
1215
5474
8842
8452
927
5018
4681
5872
8464
1056
6
3767
2811
5141
5441
4799
7360
2541
2281
5298
2711
7315
6422
6059
8197
321
211
3694
513
1952
6255
7279
3190
3171
1606
4977
1515
7586
1025
9968
4651
3470
4252
3393
1296
6354
4101
8235
9392
518
1160
9030
5676
6879
1303
5208
8639
1093
2035
5055
3995
2782
2063
9910
5317
7957
2917
9088
8605
2349
8314
1102
853
6278
2230
8309
6292
3413
4395
8664
5633
900
4983
6601
7168
9040
5295
9414
7138
1753
7331
3202
4920
6497
1980
9822
5628
949
146
4293
239
7062
7128
5773
2984
8766
7398
1247
9242
192
5399
1004
8334
573
8013
1127
7780
1928
9606
8180
9153
935
5742
3752
3837
1123
5177
3564
6344
7116
3289
6445
2812
9596
7538
8320
7014
8580
1945
1352
8859
9334
8899
7108
5467
9049
2270
6258
5762
5598
2402
8043
8257
757
8212
2520
8859
5347
7372
5002
8415
4809
1971
4954
581
6647
2855
2746
4457
3961
6264
190
7841
2181
3340
6754
1500
9563
977
1446
1478
5216
7928
9237
5746
1934
9374
312
2644
2182
6984
711
4305
7289
6609
6316
4343
6352
1166
5125
4508
4599
9764
9066
9535
3883
1306
463
5168
2107
4888
3598
3843
512
4843
8661
4786
1007
9856
5790
4449
8080
1169
7016
6656
908
7766
2060
7132
9231
2216
9126
7661
8280
8214
6961
2614
2064
9267
3989
2272
5447
2487
6443
1680
6505
6051
864
6535
2075
8362
4550
6946
9891
7389
5419
8882
3241
8093
229
4255
1805
1353
3436
44
5949
5601
123
7827
4603
5965
3865
4257
3441
4127
6731
4601
9027
3636
1520
9650
9041
2930
6064
9018
8167
2624
1636
2893
7648
381
1074
9026
5613
6292
8359
5279
3298
6957
4677
8557
3235
7417
4747
5187
6335
8210
3743
81
7725
7546
1971
2921
7137
9917
9787
7630
294
5796
4753
6423
795
3289
4498
9463
3708
5258
4207
7310
9670
9766
102
4523
8547
2433
7294
5269
6648
796
2324
8202
4991
671
4220
3772
8541
2985
1901
2890
1063
8287
9711
2208
6642
1335
9595
2275
1975
5573
3428
7788
9136
6691
4085
4219
3330
7818
9510
5187
9997
7211
4327
4326
3384
4071
872
788
5987
4411
3576
2667
7298
5042
6657
9620
2513
7671
2639
7451
738
6878
8402
7545
5273
1808
7759
9549
9458
5070
67
721
8427
7810
3919
5170
6398
5031
4093
1921
4748
6831
9294
8591
7349
8204
1110
8045
497
9977
4841
1532
7366
4561
8391
3406
2535
5987
3005
4228
7668
9344
6184
9273
4422
6972
6171
6261
7286
2448
1999
3785
7569
575
7767
1130
2063
9353
647
1145
3666
7814
4251
6933
6346
7432
9901
3410
1057
9639
8399
2375
1998
5785
3609
1856
9321
2148
1850
2556
9374
4278
8380
4076
8684
245
8176
4380
2539
449
6030
7256
5679
8119
9085
7322
634
601
7653
6759
6903
7118
6974
1701
4536
9858
3800
8223
566
7931
8569
1045
9276
5213
6300
9453
8521
1485
1890
6625
8222
3605
3193
9529
1163
45
7251
5080
5523
4860
7948
8322
9739
9021
2422
9172
166
1723
498
9204
6155
4159
7601
3713
331
6591
4730
4629
3751
9743
9777
6715
6627
1231
6513
8135
435
4797
2196
5510
1122
3361
1847
1718
9031
902
2197
9183
9438
1728
3478
1470
3703
4654
8705
9010
4588
5081
8662
9136
9857
2550
4715
2889
2065
1379
300
3987
6266
3566
5187
223
6642
4863
6225
2233
4309
3805
8672
6435
4004
7166
3582
1507
2807
3958
5354
7394
595
3985
2947
5939
7018
629
6344
6007
7003
1278
2467
2599
704
4710
3215
6897
9369
942
8777
8830
4911
8766
1853
506
7507
5325
5875
5018
9787
8842
7476
7538
5215
2585
183
7511
240
4144
4002
3487
3071
8870
5021
4251
3116
6361
2771
1410
4799
5410
2456
2592
268
4478
3972
4308
9505
4232
7919
3423
112
6046
3638
3906
277
805
503
4773
4685
3058
5917
9675
1306
936
6217
9553
4942
176
3485
9830
9956
9995
3328
6847
325
9949
8381
9777
9489
3910
6095
4478
2812
2510
5557
6209
2706
9666
102
657
6757
1717
2718
7513
6589
2440
7912
3223
5049
2645
568
5873
8781
6189
4978
762
2244
7430
8578
9508
2545
3542
3784
9938
6156
2680
3880
347
8971
9051
6619
3033
4744
8104
4606
9796
2489
5879
7280
4418
57
8489
3050
3525
2527
3246
8624
3149
5330
32
5634
2326
2515
9308
5361
455
1023
1062
1086
7996
7866
4073
3383
9696
57
7812
7114
1404
5670
6876
9531
6033
4380
1761
8489
8674
6458
9693
9801
4400
2943
9448
1222
6804
754
4036
2209
2667
5471
5374
7889
7986
3976
229
7824
2390
7043
3893
1716
8358
5375
5185
716
7439
8131
2144
3610
6530
17
8221
759
7741
4835
2274
3483
832
5558
9432
7383
1908
3771
9933
4920
6800
2626
1340
6281
7112
7703
785
250
2098
3400
7091
7842
9328
171
872
7915
1790
7704
3589
4215
8995
789
5471
5611
7841
9455
3181
8528
3660
9000
6051
4130
782
7378
5651
3261
3423
3034
8061
2531
5183
5130
6021
5705
1517
5505
425
9584
7884
3486
437
841
7529
8518
1609
7160
8712
8968
3134
9640
7771
9650
5359
8788
3752
5379
371
3566
1608
9580
4795
1342
7463
4738
6314
5252
8102
9092
3452
7772
8327
565
5426
9150
5421
4649
3857
6300
279
1215
8620
5616
1969
1681
9668
165
2636
7317
6032
9472
5734
138
7769
3391
7053
111
7081
9511
2677
7945
3832
6916
4081
1069
9107
4457
82
2135
4297
2141
6305
8671
2221
1533
861
7951
9591
1102
8480
6538
8258
9622
1317
917
4819
3582
6795
2334
3367
6288
3552
7018
8019
6822
5511
9822
8020
9744
5292
7428
5641
8930
8242
2814
3095
5451
2752
3345
5169
4551
5324
5182
6944
6126
7813
8657
6225
5901
5237
9766
8514
600
9075
1937
7179
5642
439
6263
3078
8925
7137
7064
1355
5895
5044
5867
1392
9781
4425
2592
6912
6890
4766
8954
1108
7107
929
286
8374
9653
4713
2952
4998
7915
7760
2453
3879
1217
4545
9720
7221
5519
9679
7943
8307
6713
10
7785
3393
2717
1622
349
2872
9006
306
2342
9386
8435
7232
4574
4120
3179
43
2850
6820
9444
6269
1433
2243
3076
1952
8050
6916
7050
9841
2839
9812
4320
192
987
4216
3371
1364
1128
2402
5352
9147
1713
2300
7953
1514
2118
7650
9390
9844
5955
1249
8531
1294
29
3121
5653
913
8646
9668
2340
1942
4089
505
1403
6130
6044
7126
3061
2518
5120
8929
1438
3017
1156
6533
3325
4836
7561
5604
4754
2992
5986
4449
8516
7361
6697
9138
8207
4918
471
9001
6458
525
3428
6484
4730
9969
8177
5590
5917
2893
6119
3834
6834
6416
5488
4476
1720
2357
4267
2804
9501
6692
7772
5401
6288
7587
469
4181
5299
5074
7683
8799
2243
4174
3372
9050
4241
9187
6376
2384
1553
477
8782
4410
19
887
2618
8846
4767
4892
7947
9743
1475
6038
8991
1914
5315
6109
2521
8856
9184
8828
4786
8770
8595
8431
6754
9325
4452
3090
819
2167
7770
659
7701
1587
7787
6090
9517
9134
6600
4962
8232
5000
2014
3727
6769
144
9731
3349
8760
1941
8977
770
4255
9123
4217
2464
2542
9980
4746
9364
166
9928
2718
744
1588
4651
1690
1811
3607
6239
2884
8815
7844
6827
1442
3295
9817
938
5033
8024
735
5635
162
740
8263
1484
6323
2890
4023
613
6655
9754
1965
4015
9875
3799
1118
2676
7885
5917
1952
2702
847
9735
3358
2497
4761
8869
5578
1387
2378
2410
5909
492
3225
7796
3940
7875
5289
130
3840
9693
2240
3405
4531
8051
9186
4901
5543
3888
3954
2854
528
1455
4877
3380
6626
1271
7956
6826
8607
1610
6189
609
608
1088
3093
3294
9155
5820
9931
3462
269
7204
9444
1040
7892
8589
371
2235
4876
4135
5596
4468
5199
1093
8725
5076
4059
5048
1431
5862
9223
854
5490
5645
3700
5327
140
7213
5807
7512
3857
493
9674
7256
8747
522
5562
4408
7173
7792
1614
1822
5783
3532
2092
1869
1291
6500
4728
281
8354
1490
5354
538
2545
4612
9890
8954
2601
5959
714
6235
8433
3224
5257
344
6967
6779
760
4423
4686
7662
8416
3508
3404
6367
1821
5558
171
8953
8579
6110
8373
7271
7784
4170
7708
1319
3027
5638
3696
563
7689
9597
8525
6868
2769
7800
3230
9964
8599
6130
931
3033
4248
4005
2824
3700
2020
4593
937
7868
9949
2490
2107
982
4327
2951
1276
9700
2880
2152
326
7759
969
1032
5841
2922
4443
9174
8709
6391
3542
9385
1908
7309
3531
3562
9960
1016
5637
9349
5921
6577
7904
7192
6585
2696
3077
2885
111
7362
6521
3689
9453
7421
6132
2406
2077
2627
8783
3129
516
842
1727
9568
4816
4742
9952
2988
4625
699
6034
7469
2409
372
3558
6707
4867
2071
4864
5776
5729
260
5521
8655
7307
5889
8394
98
9755
8056
988
9792
1974
3102
2299
5875
5961
492
4392
577
3044
3664
1486
2038
1446
881
8091
8286
635
8462
5259
8280
1211
4456
6468
3581
9979
4017
690
5111
2384
2745
3044
7318
7775
2460
9552
5624
288
4371
8267
4502
6459
3484
271
1049
603
3223
9515
4539
3882
9456
5950
2354
3423
7470
4547
9603
3957
805
1243
5303
2613
4344
2795
7926
5284
977
7393
107
2370
9355
5515
8819
3506
8449
1128
523
4550
9976
2526
1756
8351
4235
583
9744
3548
5673
4505
5643
2214
3594
1374
7532
5302
6452
3084
371
8604
8447
554
1990
1407
2903
7643
9329
3125
1932
1984
4873
5094
6374
1914
9804
79
5507
3666
36
6848
9164
8171
5740
2428
2761
6293
7569
8624
9254
4144
7026
4515
7547
7515
538
1390
3852
1210
3177
4339
803
1681
5563
5333
5726
9293
7726
5047
504
7688
5829
2144
5549
7951
8853
3359
8067
2740
1993
8726
7926
9645
4862
1909
7752
8659
5540
7725
8515
3400
5912
224
3657
7686
3439
2380
8199
4384
7057
7769
437
5204
5546
6750
4578
3944
9324
3721
4631
2802
363
4569
8615
1073
1992
4485
769
9777
7480
3190
7525
7711
3798
4123
8524
2916
4476
2881
6883
2869
1214
4352
9529
2204
5762
3381
5702
7241
2674
9072
4350
4777
9480
9500
7171
4601
1748
264
1709
5356
6103
5006
6532
3178
2720
6536
947
8762
8294
4707
1736
9217
4505
9265
3563
1115
5631
9459
49
6147
5710
7618
4436
5817
7674
2343
3476
6498
1291
8059
7031
3825
4952
6782
817
8364
3431
6938
6134
9870
5418
1401
5151
9904
2508
756
8409
2764
3788
9635
682
4010
6320
9336
7963
6772
3134
8616
3346
4436
2995
458
7206
3455
5671
1037
8572
4810
7027
6573
2367
8939
9502
2194
5265
6973
2844
3083
1910
1602
9747
7843
9454
808
7
7054
9440
6610
1576
1896
8544
3517
7693
4640
7118
6101
7152
5065
1753
9124
7646
8523
9324
964
3132
11
7018
7698
9733
7360
119
1288
3908
4381
8328
9953
1270
1947
2178
2186
1262
792
1288
9156
2900
7684
5354
1670
2905
9735
3532
968
8634
1216
5177
2608
2949
1578
9450
5402
9035
4891
3612
7199
8529
4446
1702
2935
54
4530
2638
1380
2992
1248
1324
7960
6976
7667
11
6272
7531
1660
4573
3460
75
7885
1862
8369
5518
5882
4651
6616
6022
6407
9656
4669
8
7095
5253
5711
3999
4131
1589
4119
1319
2866
6945
2972
3944
9296
1372
6370
5140
2895
3422
8665
2206
8781
3067
8319
7324
8228
8649
9547
1599
6843
8452
798
3619
2001
7328
400
4591
2565
4793
5180
7461
3533
3568
2340
4602
5636
4618
4641
9365
2680
6926
6776
5713
8667
5997
2525
4872
5791
9190
4396
1303
8505
6278
4054
6097
8873
1645
8533
108
1484
1542
878
672
8312
7636
213
5270
8933
844
6936
3015
1615
3192
146
6571
4430
4294
5795
8784
5445
6172
8766
9751
2715
8595
6572
3099
724
4145
4554
9558
4507
3382
4639
3912
600
6353
4475
2435
8174
7637
1029
8573
1409
3113
3776
3318
6452
8184
4117
5883
3251
794
7423
3402
7654
7915
8136
1638
5871
355
5272
7198
2207
8591
8722
6562
8820
4093
7749
7878
6776
3548
6763
7771
8337
1367
4616
3465
6323
5015
13
9867
6838
6760
8016
2439
3027
9252
5410
1838
2833
251
6413
5721
4560
1002
3987
7239
9353
5997
245
2495
13
8484
2671
194
4892
889
9352
3498
6141
4923
6685
4680
2328
8624
1306
1057
9566
5670
5052
5790
3153
9415
5689
8703
2444
56
165
3916
1892
986
661
2355
8197
1900
17
9887
7977
7148
3085
460
5806
1140
4436
204
9653
1400
2299
9150
9151
4782
5334
2270
5045
7680
6052
1326
8838
5128
3708
5671
9018
3165
8686
2799
5782
5734
3889
6580
5593
5919
2946
241
6122
2705
6359
5464
1433
6410
6489
4070
8085
4057
9971
4372
4322
6684
3765
191
0
9688
2307
5275
9263
5586
9773
6411
1076
7223
859
7774
2808
5132
8081
3636
2865
8086
4494
3685
3469
2840
7431
5395
2567
485
9328
2807
2913
4891
857
1620
1295
1380
4411
9719
8730
5263
3835
278
7986
4365
2861
6577
5581
4214
6498
7408
9056
1675
9891
1141
4927
5491
8683
71
6894
4773
2660
6217
228
2667
7798
4731
6012
4241
5762
5483
490
7039
686
8368
4586
9190
6127
2410
3267
5016
9532
6868
4374
2360
7868
8061
6044
8292
8745
1290
8747
9714
7493
5317
6662
8389
6277
7273
4095
6471
2197
7417
8355
8543
4663
5640
1763
8536
6617
3097
1549
3332
5641
6940
178
1267
8338
6856
3224
6939
839
6544
991
5168
4314
2005
5036
7290
6949
3939
4389
4518
8980
2480
3112
6224
5074
8634
2467
5374
4108
6999
4096
8906
5139
5236
5223
8290
4078
9098
8895
5733
1507
445
8765
6609
6865
2174
2831
6828
9597
1009
5366
7614
6043
605
8795
9759
7407
2690
2506
1460
5315
8993
4345
6059
6580
1937
8730
4667
9523
6570
2566
3290
434
4762
2407
8766
5220
9438
3287
8088
4744
3489
1031
4340
6561
3534
9177
4081
6627
8486
4877
8176
9155
5009
143
4713
6582
4463
3088
9304
4892
8827
1829
1971
1901
3852
4100
875
2853
662
4132
3327
9167
2746
5664
7432
3715
8760
8969
7374
1717
9995
6079
3921
6965
3794
337
7536
3964
1182
6496
192
531
3923
8308
882
7378
5595
7971
6910
9538
7631
6042
3995
1349
9084
2354
25
4417
1362
3086
8639
7811
3705
6756
4393
347
8767
6873
3964
3902
849
7880
1407
8360
6304
3530
9044
9591
7118
6107
1711
1367
7272
3286
3195
871
4056
7543
5179
7561
4821
7676
2133
9599
4879
2582
6314
821
8454
3472
4245
6977
6124
2432
5969
6430
9592
4929
3533
6509
1644
8632
4728
5537
1844
285
7272
9741
9540
4965
2030
2349
1148
838
1453
8699
7430
6421
3809
7556
6467
3937
4443
1857
3727
4187
5731
2440
5912
6365
1952
2746
4931
2119
6180
2942
9101
7444
8869
8609
7264
4021
6166
8374
6366
6927
6571
6836
4252
2044
1709
7461
5764
7565
5008
9895
2404
8868
9934
8746
483
6172
2853
1505
439
285
1535
7903
9807
6733
5671
9880
9250
1803
3303
7114
8341
9994
9870
4632
2807
8557
2381
1317
1113
3173
8314
1359
8667
5849
1865
2347
8410
5116
4018
606
7937
9050
5416
5095
9921
4102
7768
5234
9203
7198
2012
7131
7272
6036
6133
4446
1758
8600
1716
9893
7198
4614
8026
3422
3807
161
216
2921
4919
2504
2200
3845
8726
8177
9241
283
8477
5148
6231
5064
8287
4235
9278
2508
5167
3033
5146
3578
8929
257
1628
5409
8711
4387
1341
3193
6335
8125
5206
2092
7799
4224
7853
9122
3224
8616
851
1792
7250
1260
8798
8768
8223
5750
2439
2029
7199
6118
9139
6288
8013
4743
8746
5407
7840
910
7747
3793
3255
9998
3258
2796
8177
9944
4882
684
6329
4941
7838
8679
6404
9209
2246
322
641
8908
6424
7593
7430
1810
9674
375
9162
2810
4233
4513
735
6397
3811
4509
1712
3634
2096
1290
2
2010
2143
5407
3460
2963
7175
1940
1065
3753
774
6009
469
665
2180
550
5902
281
2255
9254
472
3634
9925
6949
8858
1637
4178
6326
9482
6672
1982
3855
5131
8969
5517
2840
8924
950
6792
251
1535
7744
9828
2948
2481
259
2731
8061
5580
5986
6845
7608
3355
9141
1451
8897
3329
5436
8320
2577
5352
5410
7157
5367
6734
446
4932
2887
7530
8406
8413
101
3633
5192
4609
2601
3272
4331
5149
9854
1228
1583
2647
7326
5857
3006
39
224
1747
4971
2498
4578
1356
6428
7984
6860
2397
1436
8202
2544
1222
7949
1472
305
2023
441
1372
9360
9958
2718
1736
1825
9327
5786
2316
3964
1118
2323
3584
7463
7818
8197
413
5265
7308
2054
2799
7996
8719
5546
350
3817
4868
1907
2824
9504
2509
9814
4784
3952
5834
6316
8437
4368
98
8276
3417
7028
8195
1916
610
4917
9468
3595
3272
3968
4043
6407
5673
7845
4114
7249
9014
9610
3118
7751
2771
6504
7700
8460
1744
106
7317
9480
9560
3151
2895
3197
5140
8389
6935
6569
4557
2316
6621
9589
4446
5391
6044
8401
3902
9441
5314
8758
3146
2522
3823
2574
4834
1319
8936
6350
770
7113
2102
2109
3401
2232
5346
2303
5303
4588
3456
920
8149
1344
9863
7952
3556
1117
4633
5010
8137
1719
3102
5889
4940
6959
2769
7208
5442
4699
2344
9418
7235
1149
1882
6715
6254
241
3527
6839
4074
9705
3623
4884
9970
823
4255
3997
1768
7864
3158
4243
9315
9610
2744
7411
7819
5297
6676
7824
6306
7865
2518
7149
1077
6149
1546
3308
9017
5841
8171
8452
4184
8043
4684
3255
9381
9782
2209
856
3942
6879
8513
1495
6251
3531
3229
7063
9207
3517
340
135
8269
2785
4568
2067
4159
599
6717
4701
4227
2429
3078
7398
6180
7514
6945
2579
8173
6176
8895
70
9053
8661
2512
3944
1149
9312
5959
9364
4555
7481
9382
483
5757
2219
1545
7763
7923
3061
7231
5036
50
783
263
8229
6667
4521
1761
3450
3267
5950
7406
3183
3166
4912
9926
3311
5750
9023
7471
5138
9567
3446
8792
3718
9088
2779
8681
2771
357
9014
4376
8501
4174
8971
3205
468
871
3358
4841
1354
4647
2393
1644
1674
4017
4009
1216
2617
2089
4414
9295
4824
1518
5726
973
7466
4837
1279
9035
1315
4178
4875
8799
2901
4310
5952
3168
3711
4647
6163
6671
9838
4454
7567
5038
1070
6491
3746
9660
3143
2240
492
4692
871
6137
3297
5396
2060
662
8523
9682
2545
9545
6115
2769
8374
4179
5946
6254
4587
5480
6222
4219
4730
4263
4806
2728
2885
9090
2622
3894
9743
2068
6211
4022
6179
565
8833
7462
4384
9289
4731
2592
6654
7608
8167
9692
1798
2956
5993
5702
7108
8426
1345
2251
3518
5130
8383
4847
4621
3598
6270
103
813
9796
5421
750
8784
7687
3504
2770
2072
5537
8276
1555
8951
8684
5023
541
7567
6649
1467
5712
1176
3026
1702
1765
7939
5503
5988
9085
5971
2481
308
2871
4322
1581
2121
1973
7217
8597
9215
1525
509
4891
5760
7319
7396
6785
5860
8869
6365
6369
2679
132
3299
4572
8537
4389
392
302
5957
7571
8724
9854
4441
8439
6844
429
9618
5412
334
594
6457
6251
4760
7602
4650
5459
6817
1771
9167
8713
2667
7297
1850
9293
3922
8638
7815
7954
3111
7446
8407
2796
232
2574
6276
4133
808
4792
2593
768
230
4529
2182
7768
3755
9581
1613
9919
1380
2034
6244
7229
7336
3487
3991
6742
42
1418
1278
6433
504
9413
7957
6405
9775
2408
7765
6641
1909
8573
5609
3643
5332
612
4529
3455
1194
8603
9084
4873
7994
1958
6223
3748
7640
320
937
3135
8261
8209
7990
5587
6311
3362
8182
538
7903
9176
1307
121
3551
3483
9629
9801
5770
730
88
8035
8861
562
4494
4120
7913
6245
8466
1183
6751
2416
4877
7502
8147
999
7832
9431
3027
5658
881
5078
3001
9013
2475
9474
6122
2132
7705
3522
1803
4778
8009
5899
4796
2811
5258
5367
8478
627
9161
3059
3478
4624
7593
1991
7096
4723
5264
1341
6897
8014
6409
25
2740
725
9188
376
6344
440
8898
3398
9668
8007
921
9677
230
8036
7287
844
8417
2444
3089
51
9874
6694
5543
3104
8569
5815
1627
454
1100
4085
6426
8206
659
1693
1003
7595
604
7448
5700
5529
8517
3432
3059
6908
1683
690
9340
6396
3981
2034
2581
8024
1752
2658
6359
9754
4521
8657
1323
429
7750
2107
6705
8128
8850
7483
4754
6301
6984
191
2601
929
4369
5245
7310
3470
2435
7695
1561
6988
8949
6212
4886
2531
8269
3758
3879
7858
7185
5238
6507
5593
8000
7786
8999
9662
2238
8103
6586
5637
8314
2600
8488
4185
5288
8999
461
5145
1721
6334
840
145
9283
6768
7273
3891
3538
4074
7763
9901
4952
4290
5039
785
2394
1954
6330
2531
7181
9
2612
3623
686
8398
6197
9132
8917
4505
5052
5095
6047
6786
9880
7275
8394
5745
7791
1449
9092
3247
1545
2258
1010
9651
3858
1554
8313
1964
8160
4008
912
1302
1446
6222
2297
2319
6603
3558
3405
9018
9544
2885
1915
6176
684
3223
570
9592
918
702
7232
8896
6091
3411
5133
2494
677
4306
1449
7649
3161
9427
2487
9277
1522
6383
7420
7791
1777
9159
4223
7198
9363
527
7433
2239
218
8590
3884
5827
7331
1098
3585
3836
5837
472
4470
8139
4642
8545
7965
7291
1363
4706
9873
3726
948
9953
2595
4077
1980
8237
267
7691
6056
9703
5778
1389
3839
9155
4293
2345
3098
5691
6887
3527
3736
5491
2532
9105
6769
8848
7173
1296
124
3383
2942
9203
5127
9100
7507
5844
637
8690
9450
1847
9397
7380
8048
7107
5511
6519
6251
2246
6640
7373
939
6088
7289
686
2151
979
5145
1393
2907
930
419
2191
8341
762
6602
8405
9592
5156
6495
8621
5762
9206
2762
8542
1178
6383
4234
8950
6458
7604
8056
2
1039
1522
1268
4672
8761
9721
1501
8413
3080
3583
456
7846
3753
9249
2362
7282
7095
6653
7978
9473
2132
1652
5646
6940
9785
4446
9653
3092
2476
6509
4715
7607
403
6667
8655
3838
6966
8778
2924
171
2809
3712
1747
3201
2492
1910
7686
3372
2968
8216
9310
8229
9378
7253
7677
4093
156
6485
6989
3098
2194
4868
5327
6568
5772
8349
2269
8349
413
2945
798
4670
4633
7400
9086
5937
7130
8690
1605
2215
2708
4209
5363
1676
125
7381
6612
4576
4495
8255
4102
3202
5250
557
3433
6895
6415
8880
1468
8390
7523
9841
4588
1191
8843
9891
7734
1835
4749
2465
8455
4490
6114
7832
8985
1432
4330
3837
195
143
7459
3996
4788
7557
2010
3406
48
1913
8561
4566
8443
1834
9715
6149
4378
6135
5715
2793
4910
6571
2927
7023
9564
2156
9553
3596
2539
7569
1185
8276
9906
9899
4817
8211
1550
9882
3607
6372
986
6979
9128
4086
6746
8381
993
1344
5596
6112
434
6949
8342
723
5553
6732
8523
6606
3260
4145
8305
2237
7288
3051
3947
1649
7047
284
4656
6216
6806
863
9322
4945
9581
2962
9691
2587
8827
8963
732
7535
479
162
63
1462
7588
9326
1977
4855
8548
4237
7025
9092
5326
3058
7183
9434
3750
9280
8933
6118
1719
7961
7841
8738
3738
118
1738
4386
4786
1132
5908
4391
3415
1440
7594
3776
8890
4816
5073
9530
4688
7469
3358
1111
393
5226
9181
3253
1208
7968
8771
9386
9316
5289
3889
6779
1533
7123
221
871
7263
6014
550
9334
7393
3783
8444
4615
3411
4174
4952
2885
198
9268
311
8509
9306
6320
6395
7888
5306
1199
1526
1261
8232
4077
8175
3977
8400
141
8256
2685
7841
1413
3838
4423
935
9035
7726
2828
8413
5737
5844
7890
9561
3228
9152
9301
9187
8718
2526
1810
4218
6470
7953
3783
3417
6576
6701
1154
8742
993
9683
8937
8099
6924
4652
4839
722
6319
1588
689
2860
1701
452
6690
1710
3692
7099
611
6161
6123
656
3283
1062
8220
5428
5401
964
5743
6798
533
9410
4713
8673
4744
4194
3712
1381
8676
5407
7283
7574
4743
5118
6105
6790
2147
3642
7779
9315
7863
7888
9273
6111
2426
7439
371
4751
4121
4566
2488
9362
4791
8693
3937
7841
8825
9843
8804
2361
2347
9503
6910
4042
3697
3070
1716
9770
9245
2486
288
2164
5380
7706
3593
1154
4634
7629
6653
4220
4504
7377
6171
1487
6699
8732
4446
4244
4912
2518
2982
7444
4209
9872
7220
7720
9208
1227
3878
7897
7395
9637
9181
9761
3048
3437
5141
5270
5668
4199
512
7776
2646
8053
7687
2485
2399
863
4204
5585
5592
3305
5628
841
843
9357
6495
1753
4301
1509
3140
9158
791
3629
4393
3131
9879
9803
1118
5122
2173
9215
9187
2285
1458
4142
8994
9479
5577
9949
2560
878
4188
8829
8640
7323
2065
7324
9212
7915
9478
7560
4032
3103
7455
2143
1617
9970
9910
4706
750
6419
231
4085
4707
2809
6732
6764
2450
5843
6062
8814
3249
4499
8256
4926
6462
3086
4772
4328
2102
2222
801
360
4491
4176
3615
2972
151
7682
8530
8234
6891
4499
5431
728
2538
852
8494
2870
4241
7726
5155
4864
9282
9637
3252
32
3896
7054
9400
6702
9660
7250
5395
800
6842
9736
4713
2541
6059
5500
2495
2367
6836
3782
4361
2304
6998
7259
3815
8759
7392
4431
5267
5581
537
1593
8407
2539
9112
186
4247
4392
6292
7134
5330
3444
8492
2904
5857
4520
150
4662
2886
8652
7634
1500
2718
890
8569
9309
835
2985
6970
164
1196
2159
526
135
4603
6853
6697
1643
2506
1219
4585
3176
6971
594
5373
8335
2236
4814
5649
6780
3839
1138
9113
9886
5676
9459
8058
9210
47
9067
6359
5034
3855
9806
5306
8246
9897
6034
461
5164
7928
6444
2106
7664
7074
291
7122
6491
5386
6154
9068
37
8480
283
1591
9056
7134
6878
9161
2867
8353
2571
3229
9973
1986
1679
4922
150
9965
6894
9272
4946
6045
4512
7257
5617
7023
4284
813
5844
8085
211
5226
6531
9308
1100
9533
5255
6360
7640
5961
6514
6257
2756
3288
7091
1182
5069
4674
9873
8368
4063
8676
9329
2334
7162
130
5226
3395
1004
1634
8126
8134
6009
547
7440
1613
4548
1206
9294
7251
9224
8084
2048
6879
7944
9537
4112
9922
2439
7052
557
6220
2328
3632
9663
9972
7334
187
5102
6387
3659
9762
2065
3494
4621
1032
1978
7753
1928
6715
2382
5871
6999
4248
1057
1363
6083
650
4930
9069
5832
626
9399
6162
9363
2783
419
9853
417
5594
2218
4891
2994
6082
2689
6970
3970
3561
2955
4992
237
1877
1410
8007
8024
820
7733
103
4269
3632
849
7593
1628
1684
59
5082
7001
1953
4158
9216
7676
3290
7526
4821
3687
0
9704
4368
9709
6990
5516
6490
9980
1346
7764
1228
846
7033
6896
7450
3851
5222
751
5515
6690
3394
6712
3674
4734
9451
3810
914
178
7995
6733
4761
8469
6748
2519
7333
9668
9320
3979
2842
2207
4045
9117
7621
8795
414
4604
7699
1033
1887
7565
4608
3152
7402
5618
539
6680
3345
177
4479
7739
5300
2738
138
5031
1957
2702
9940
5803
6182
3706
2178
1216
9704
2998
9894
8059
1923
3938
6031
2397
9716
2302
8818
6298
4433
3929
6042
6771
6358
6738
4603
7206
7492
5371
9375
5995
6237
9337
5145
9056
8945
1596
2057
4900
1114
5202
7577
6557
5256
2180
4830
8794
5236
3091
44
8306
6189
8279
2742
8332
8394
7766
3838
3279
7630
8264
5387
5867
520
5782
5895
487
3896
7169
874
4275
149
9090
7028
8366
753
5854
9214
4669
2687
7889
6917
3429
4630
76
4054
7396
5058
442
1692
3415
805
2601
8580
2991
5251
894
5930
6426
8202
829
367
5688
7926
8669
6218
4548
4330
3478
593
3469
5897
2364
8642
4319
4132
5125
6929
8300
9094
2520
6159
293
5750
3004
8556
696
1441
9171
4704
3959
2437
7744
4470
3476
1427
1829
7666
1490
1639
1476
4856
4008
2730
8363
7295
2085
7017
9899
163
6020
4649
7939
5558
1582
6405
4799
7937
891
3396
5483
1183
4064
7324
3634
5028
3974
7233
2025
1236
3971
5634
3601
8734
1690
6540
6807
7972
8271
8099
9979
9565
8051
2455
4949
8107
6624
7144
7455
7713
6298
4963
3781
6563
4168
3600
2540
2577
7662
6794
962
5929
4041
3598
2240
3807
5002
758
3910
8434
4770
9552
1490
7954
7309
1211
7067
9131
9181
1218
440
8824
9137
6349
4784
4092
8412
1722
5199
8585
8641
4446
8488
9426
3461
6429
1256
6375
8961
5345
3288
3315
5620
6145
15
3828
9104
419
848
2054
7675
9839
6148
7316
3626
8990
5610
5140
4845
6975
1321
3205
2396
2445
6338
5244
6915
8702
9062
3838
8672
7374
5024
9746
5360
8922
7402
3907
6201
4939
6434
2856
9365
9698
6262
6951
7396
781
3579
373
2324
9777
7831
7632
1270
2772
6419
4327
659
9337
7696
6285
9918
7032
7364
9268
9839
1819
2488
5441
4758
40
8585
9439
9364
1302
53
2212
9451
1092
5323
4314
2749
8625
1286
6098
9823
3630
4315
9862
113
1963
7989
5099
9548
6843
6945
8283
7463
3342
1023
6378
7868
2337
9866
2810
8362
5287
5984
2840
1664
6082
6879
971
5349
489
5054
1704
8327
6074
1217
2220
1274
3321
7432
9082
2391
831
3735
1663
2153
9586
7119
4149
6617
8136
2801
9079
634
5693
7897
2949
3404
8253
3835
2313
9925
4517
7522
3323
2066
8128
6755
4276
6277
4442
2854
2173
575
9664
7555
7204
9968
114
6892
7162
8507
8297
2629
1459
3381
2662
1951
8041
989
7219
5345
5322
970
8341
8130
7834
2832
3570
5954
278
3603
6202
2025
8273
3573
3447
5396
4978
339
6577
3081
7057
668
7028
6231
7087
8396
318
6822
1306
4002
5386
6970
6056
1311
2262
3290
9364
9745
4179
9105
5662
4334
6085
20
6830
783
5728
9236
5054
6742
9255
7652
703
4420
9408
7888
7101
3331
797
3054
7472
7422
9973
7535
1298
3520
2449
3663
2474
624
4058
2791
6652
2101
1660
9585
6210
4896
8389
422
9701
3028
2816
6510
8944
2477
6943
1630
6536
2449
7883
3732
8667
5026
1139
2353
9844
5315
1579
3732
7341
6976
4950
808
2211
6972
8327
4329
4054
6819
6586
9859
7898
2100
8088
286
9179
4934
5698
1381
9097
6640
8269
6492
8533
7819
338
9732
9928
9269
6866
7314
7961
7081
503
8465
2835
76
8637
13
728
2405
8465
9885
1536
1554
6436
7921
9344
8091
3715
5665
5741
348
8159
4276
6863
7513
6283
5874
616
3737
7959
738
577
8961
3560
8887
1300
6329
1772
9234
6783
7442
9846
6657
7481
7045
3043
9660
7138
9840
4659
8892
5429
5418
5680
43
8626
419
4681
2261
995
9709
344
3637
2033
8612
187
8254
6102
242
4699
5715
6762
8293
2105
988
2526
1300
3090
2750
823
8860
6751
8730
1411
2485
5549
1404
7096
9438
6284
1972
9452
9101
1464
1575
810
2093
6770
1064
1846
2046
4694
4799
6781
5057
8966
5142
2335
8086
1328
2858
8857
754
5825
7598
3169
4871
5999
8968
4257
5751
7797
9743
1084
7106
190
8973
7849
6066
8736
697
6107
75
3509
4011
127
9234
4194
2347
1141
2881
3947
4963
663
722
6715
407
3966
7523
9638
5983
4524
8351
4336
7810
6420
8593
4990
8208
4802
3155
4043
2717
1471
8967
5271
3901
5714
2127
5083
8643
3245
108
6226
5891
7075
3679
4969
5495
8848
7377
7353
6269
1721
6872
5250
708
5120
4434
869
87
9655
4836
3376
6813
1573
8671
1013
2775
844
2964
9822
7167
7842
397
2688
8334
1465
890
283
9906
1698
3568
4586
7110
4021
4761
8407
7934
3466
8409
4566
4967
2316
7696
1717
7883
4185
2841
4592
1609
6465
424
8247
5976
7906
9812
4584
3290
8551
4845
3889
7280
1756
5429
603
2886
9839
1619
591
8696
1680
6570
6628
5046
1611
2857
2442
5160
8280
2866
2258
680
9520
7879
1427
2332
6530
6541
1124
1061
7182
2594
7555
3005
9808
181
2985
8916
9431
7421
5020
4577
3659
5540
2910
7564
1955
1835
1191
8542
4874
1654
1757
3727
1697
6515
7754
9280
9557
3300
3236
4920
550
3619
1683
7121
1044
6037
5076
6287
8352
6588
701
1044
813
1604
4599
1136
5328
328
4581
5646
3557
5482
3214
2206
3660
4455
235
7101
7870
2167
1162
7554
1953
101
5424
578
6179
1547
7083
8605
4009
5669
7640
3856
3906
7639
2004
9406
8751
2441
1447
7592
4916
5699
6220
3188
4845
2076
7217
851
9055
4987
9305
9736
4605
2309
1821
8971
8188
3819
4981
1046
2144
3608
9325
84
2811
7021
5062
8318
6110
8692
2793
67
3018
1859
6617
1483
3678
6719
1797
3227
7103
4738
4289
8262
3440
8654
6042
3694
1891
9905
198
2169
6468
4535
4257
5738
8142
690
2002
6515
6343
9678
530
9120
4628
6715
9627
5268
199
3143
3048
68
9695
4496
2228
1938
789
2119
2217
3842
3437
4715
4446
2660
6372
2550
9316
6058
9029
964
8049
2128
8498
7071
3595
6057
9583
8429
7102
513
8885
6762
8473
9316
7438
4543
9325
174
9471
377
4331
3445
3592
194
1906
2728
1195
9212
5184
3333
9981
7519
1356
9376
7824
1647
3114
1185
4752
8023
132
8783
2729
5298
9534
9236
697
3681
5664
505
2384
3933
368
5125
3175
2041
934
6591
5274
9767
1818
4738
3574
4476
5335
7693
5754
4850
6107
8010
9979
4496
8312
2356
7926
2900
870
9459
9900
6304
1337
4032
6626
8484
4362
4163
5574
1495
5240
993
5283
4904
8998
5828
6900
5030
172
2932
7104
3385
7712
7265
77
1874
3548
8874
4623
2492
5724
3162
7840
77
851
6223
8899
788
7258
5912
3904
838
1023
1293
1870
8304
7927
9652
4436
5353
6577
5050
3969
7557
3988
7559
680
743
6533
3980
9060
2947
9170
9843
4385
9668
9364
2694
8932
700
84
9063
4404
3914
9943
9735
4666
6431
5655
3781
7666
3772
4551
143
2516
4913
5157
3074
5804
5704
8870
2597
3853
3043
3085
9041
7459
8749
3307
7390
7623
2573
149
3162
8959
4307
8381
4300
6839
1021
2723
6994
9853
3610
4261
4719
1275
1921
9116
2002
8713
6379
9312
1816
8059
1451
7457
1631
5126
3596
2577
3133
1130
8992
2825
7077
9160
268
1595
4005
1871
7512
551
840
1889
759
5863
9205
2670
3815
5409
9017
6348
6773
8428
2947
7521
6354
4101
8582
3969
4182
7299
7584
8578
979
4254
4921
3235
8502
6824
1560
9379
1917
1837
4222
6781
2374
9773
2291
1683
9115
8161
1028
4882
89
1961
7722
7794
8833
4649
7168
5716
5185
4556
7842
4739
6169
4411
7619
4222
423
5512
4316
7266
5233
5069
8373
7605
7791
3730
6695
7370
6577
3356
890
8671
8913
9800
7024
1357
1087
7748
1912
824
8981
2626
6492
2086
208
3953
4450
7407
6537
1479
6034
566
8353
5468
8464
7669
3636
3900
7478
1824
9801
5921
9676
1470
1430
309
6659
9567
7858
7313
7866
813
742
8128
8533
5243
7453
6361
5016
5149
5382
8006
724
6800
63
8198
549
2733
1696
6445
3090
1951
9595
5365
482
4719
1315
3243
8802
1226
9585
4749
1684
7631
5581
8042
7496
3566
9781
4096
3861
4032
4101
1816
7472
7886
6624
6460
9608
8055
9242
8057
4065
9785
2793
256
4746
3295
4317
1400
2529
1030
5546
4812
2211
7873
3202
8013
4215
8089
333
2233
4589
2491
7024
394
6669
7863
355
8510
2922
9025
7037
8700
1319
8505
4050
1333
9264
4868
6345
5934
6097
9881
3683
7896
5797
5003
8409
1091
4512
5833
8613
3143
4183
5552
4506
3907
7103
3490
7621
3005
6616
4544
767
7836
7082
3418
9467
4997
2067
7638
4765
8230
4008
3724
5946
1342
271
1406
7530
8066
7889
6955
7850
7861
1321
2581
3476
4611
4985
7846
4974
9592
8751
1709
4849
7680
2499
5131
7706
6338
1868
1989
9888
5017
7207
9148
3328
2058
279
3598
5213
8261
9181
8531
7879
2262
2522
1862
1515
2616
1931
5713
9321
4882
8180
2211
9577
7627
8914
9321
3362
906
3354
1637
3904
5744
1076
6216
3376
8399
9616
9244
6112
4878
6107
8128
2913
5107
2306
8063
9540
879
957
5940
8137
947
1664
69
7036
5821
8351
8237
2210
9608
3337
4363
3584
9324
9673
3172
527
7756
7184
4891
627
5994
262
3881
6971
205
8329
326
5139
5107
8935
4809
4613
3408
5893
9394
5021
2617
7694
5829
4475
4227
2037
8656
8423
4278
7114
3269
5175
4666
3531
4362
6736
5171
1625
5146
5281
7667
6545
5450
6056
7675
9623
3071
4850
2048
3645
8936
9832
1737
4645
2955
3106
2916
3825
6332
2012
9992
2145
6254
5271
6461
6601
8318
263
7482
1909
7397
968
6498
3197
9051
7605
1909
1401
106
7857
3024
7581
3876
883
7033
2209
2017
9810
9937
9224
5588
642
1745
3927
8348
114
8535
7042
5437
4688
8629
9313
8101
7562
9382
4290
3239
9057
4
421
5804
8267
6161
259
1872
8552
5735
8274
5490
5006
4658
4910
6354
5815
1931
3155
1337
3498
1515
5322
9766
63
7703
5216
4996
1945
7837
4656
587
3848
2923
2902
3166
4149
8177
7078
9619
8314
5214
831
3745
2515
5277
9866
277
7977
6944
8171
9850
7666
241
3203
6109
9054
5646
4757
7724
8143
7653
7496
7082
6706
1630
8602
8005
6588
3573
2566
9410
9832
8263
5572
3160
3844
5749
6512
9816
8938
6475
7608
5145
8351
1738
9683
4808
2054
9685
3478
3296
2496
8887
4983
4306
9045
9685
6205
1734
4491
8462
1414
9836
3416
501
3071
1812
6619
253
1920
9329
7512
3383
1183
6425
9553
2928
2790
2810
112
1088
9756
7917
60
8875
8280
5259
9697
6479
1740
1571
2985
4779
5557
8585
5920
2530
5549
3189
112
8851
8301
1043
604
3938
2974
6250
6613
5006
5955
720
3776
6722
4155
7511
9532
5505
9826
1482
6502
4219
8759
9770
4538
6422
1821
9152
1264
9828
9482
5258
9396
8241
3476
1640
4458
2486
6814
4430
5363
9499
9174
5691
3494
3408
8379
2410
5328
6634
9783
8608
7258
3517
77
2689
7205
2195
4649
1547
4475
7899
7902
7806
9191
3946
2229
1416
7277
4283
9696
5967
6165
2113
8865
1360
1794
6987
2958
6678
7229
6192
9005
8562
9555
9355
1156
3131
4174
4512
4190
9148
9632
6190
7236
4413
3299
6993
2145
6553
5108
6445
2732
6532
4427
4897
7543
4801
5482
7529
8244
3616
8588
876
9314
2802
4446
6925
4029
7343
5059
6045
2259
7621
6899
8404
9020
7632
7381
2228
1369
1322
6088
1927
1740
3825
9164
5488
2321
4795
9152
1675
4861
1877
5065
1355
8749
6610
7642
6859
2491
9773
4806
8666
1404
587
1461
4672
2584
8665
978
5003
5826
4917
1940
1055
1694
397
3548
363
793
8727
4511
322
1086
9095
2760
333
2103
8534
6245
9006
7052
6287
2373
1488
8926
9914
6333
9994
6404
2191
7902
2500
6379
6385
1698
4579
2514
8678
1516
1876
352
6465
2526
5555
7763
8019
8632
4032
4273
7661
3922
5312
9757
9402
2387
3317
2061
834
7517
1441
7980
7639
3959
9178
6096
986
4676
6384
7180
7760
5328
2747
906
9998
1809
1357
779
1492
3232
8833
4220
663
8111
7768
3743
8221
6996
8625
9824
1383
7052
3144
8013
1350
7595
7294
896
5417
6994
4343
6702
2821
2203
5028
1472
7912
7899
2578
7536
1046
5625
6105
4488
1189
8279
5599
5308
2176
8041
5292
8731
8751
7609
6072
3795
7666
3603
3100
9874
1384
9570
6677
1987
8194
2210
2262
5717
5852
3320
4384
1064
3246
1679
1682
5696
4621
9728
2722
3098
5029
7748
2765
4411
9451
955
3544
8841
7782
9719
2119
5094
1343
7381
8905
9674
4878
3277
4519
7745
6465
3209
2958
9868
7740
4107
6968
5616
8232
5064
5955
6607
7118
3510
3240
3717
5384
2176
2377
3147
8508
9184
1449
3193
3186
5523
5620
8595
7412
7636
7324
8952
4530
6953
2693
4819
4390
830
1825
9926
3110
8565
4215
6426
6160
9552
224
2966
3247
1465
8831
3523
9996
916
1678
6661
2403
1866
4698
1212
1598
2930
2032
9317
4435
4936
8454
658
8782
8215
8466
9045
7149
6506
2681
7324
5384
5183
630
7865
6379
4187
36
4496
1103
2731
2205
8775
1144
8027
7496
6670
2054
1553
5401
373
8808
3443
4095
7913
812
113
7512
8602
2541
7522
9374
4241
3244
6675
8234
6965
2517
3945
6871
2512
4040
9561
8067
5164
833
9249
7135
1177
8121
1995
1756
8233
3762
250
8694
9332
4362
3607
4493
3358
5937
4193
1785
1512
307
1326
5087
6084
7775
1961
2467
3171
6570
7648
7278
363
1627
6296
5281
1551
545
6027
3038
1163
391
6932
1887
6424
5279
3278
6843
7117
8696
5952
4242
7592
1417
4996
966
8913
6806
7622
9090
7655
7797
7378
6454
9471
3759
1880
3968
4346
4330
657
4449
9967
3471
4480
8712
6149
2586
8178
9365
8309
2888
4096
2533
3458
4653
4472
6540
2777
1255
8286
5504
1281
9349
4400
8829
4086
5269
6158
4871
5856
3920
8328
4333
4085
4298
6793
8863
8636
2810
8162
3
2823
8136
5392
6057
9734
8515
2052
7466
9557
6293
4329
9289
2751
8080
5983
1256
9391
9191
3995
7674
1412
7180
7009
4880
5499
6603
7441
3489
7431
1798
6739
963
7684
4934
1815
7958
9308
2299
2321
6756
2337
1604
6224
7223
5224
3465
2947
8362
9981
8394
4186
4024
1466
3487
7565
2566
2437
1779
8887
1347
7140
6910
7929
7902
5772
8248
6027
8870
8653
2496
7880
6275
7520
6949
942
3134
7344
355
1442
6984
8778
8251
4918
6390
6515
2319
5109
1262
3281
237
9115
2792
5713
8655
7845
863
4397
5145
6472
7273
8656
9355
8020
4307
5966
3597
9131
8287
9497
4457
8697
9938
3791
540
6604
1773
8267
2125
6357
6059
9620
8835
7402
4526
4599
7806
6168
4183
3361
1822
5402
6112
183
1565
4924
1215
3108
826
732
3889
3216
1156
8296
9265
3499
5791
4108
8979
430
3726
1053
1245
1124
8501
4805
3022
9823
8285
231
1402
7104
924
2042
9101
2005
46
6323
5417
4097
8877
9595
884
5661
7307
390
5885
4792
4388
2328
3373
2864
685
1865
9916
9208
1072
2952
1161
1639
6719
4517
6281
4044
1564
7504
2929
4531
4976
5828
2564
264
7042
4681
4282
6617
8150
4131
2845
8469
2643
5681
6832
9939
8680
7889
4056
2960
8056
730
3151
8679
43
2240
4116
3085
1927
5096
133
2697
9182
2912
8121
4538
2504
3476
5241
390
4092
3895
2528
88
2688
8960
5835
2338
4161
1944
5770
483
7781
5790
3085
4998
7809
3718
6986
9223
3824
6855
2557
561
6028
2286
1646
2326
6445
3805
5710
832
5812
1658
2929
7785
1193
7159
5840
953
3956
7727
2439
8043
7682
2007
4448
4676
2854
5562
1717
4238
7297
3524
1066
3775
1273
8607
2024
5487
77
7157
7125
878
9918
5956
9821
8564
2125
5626
5200
8384
5031
5963
7487
2086
8531
5104
9001
4920
9036
5361
8783
3156
5964
6713
8104
2285
5374
2199
8373
4439
982
5819
8854
8336
979
551
4179
4923
6319
5721
264
9014
3623
712
5523
2596
5283
2724
7825
3145
8545
7664
2179
541
4960
115
6832
445
6535
2937
2237
9459
7346
4356
9100
3481
4190
5841
1134
3682
1097
5136
541
9732
1342
1498
8258
7914
3340
9493
1805
7589
8123
6726
4634
8996
917
76
717
8168
5584
9766
6341
3130
6884
8448
4547
8053
3265
1642
8262
4356
6865
5128
3725
9950
6795
8802
8381
2653
6280
8122
8051
8879
8179
5940
1243
2874
7299
2007
9266
4877
329
1843
8603
4691
8928
8608
43
9137
5091
8359
8278
2195
5250
6189
1054
9321
5084
6927
9668
3147
9744
5467
9909
8459
7738
7035
3989
854
4372
3620
2534
6142
6317
9275
9820
5894
1916
6899
2769
4701
5030
3945
2218
5559
9340
7253
1365
3353
8832
6362
7731
1249
5549
9676
4871
6570
1720
3212
1754
6201
1195
9459
6321
8044
1037
4860
8273
3675
2670
5919
6124
5969
5836
2904
9204
4940
3921
838
6866
3186
667
8001
9819
1863
238
5304
4191
9972
5993
666
6667
5667
1969
5765
5356
3571
3457
4043
6905
6442
9644
2762
2384
655
1472
5983
3895
2728
7640
1596
5992
6728
1400
8034
449
7161
4115
2072
8574
3360
1460
3779
7949
9478
2734
5219
6272
8320
9131
5492
6612
2505
7126
5915
5307
347
3362
5992
287
2869
5001
9117
4604
9133
2551
4644
2534
3965
902
1039
9998
7340
9221
3887
2457
8994
275
9969
628
4118
2398
9941
8883
7832
2744
1715
4745
937
6863
644
3730
2690
5329
2389
5078
2746
3641
9356
3777
9705
8048
9115
8812
4978
1833
5514
7132
4075
5149
6331
1876
6717
5593
8324
1565
1016
8161
3476
9091
740
7316
2386
6327
1811
5165
5946
4375
7913
7814
7739
9638
5572
4174
9074
3627
2420
6765
643
592
3115
9435
5738
9595
2984
1851
6099
9397
5059
4291
2914
4792
2534
8310
1597
4253
5064
7170
9212
3993
7153
6369
6522
5828
8078
1453
8928
3273
6202
4319
5766
8583
4162
3878
2108
4981
8731
4777
2661
3019
8021
9252
3977
8498
2719
1352
4692
9020
1126
4605
2529
4389
4061
3721
6669
6538
9691
43
5618
6872
373
2544
7385
8181
6676
8194
6742
9913
2985
4167
1048
6435
7290
5571
2236
5280
9073
1731
183
158
6950
4864
4883
6250
1110
5149
428
126
8484
3413
7092
7222
2905
2590
9311
3170
3088
9538
8313
9058
8678
9334
8051
2637
5957
2762
5991
3463
8429
3402
7800
3790
1565
5053
6086
2252
3398
3914
3329
4533
4409
3576
4591
768
6586
6494
4982
1819
8593
2575
9511
120
5815
726
8707
3225
6581
7829
5338
3693
6215
6819
3627
5960
7258
5970
8132
8325
7268
8953
7204
3739
3624
9127
5762
8356
3519
8549
3753
2521
827
2384
7143
4608
5822
5210
5970
6388
2157
2077
1610
6642
4727
761
9482
9086
7795
5396
128
6358
9369
672
4027
4983
9175
1895
8175
6584
6444
4734
963
4264
991
8173
791
6807
4327
6856
9318
9586
3474
6503
4499
6463
309
6119
8417
2717
5594
7580
1577
4850
4644
9847
3371
6299
5120
7828
312
8683
769
55
7827
1475
2185
2779
6469
711
2819
1202
7989
3432
9196
6552
1042
5868
6540
8602
4404
5478
7275
6560
1772
5821
836
9826
1615
2135
6308
4370
1254
4308
751
9099
7682
9378
8854
8724
2033
2956
3803
4797
1171
9555
2887
7925
444
5174
1887
1165
5331
815
842
8621
177
7273
653
3215
8578
6289
8580
1070
8582
4858
2336
478
5371
3679
9584
9482
486
4209
8013
7048
6529
6481
7372
8772
3960
6399
4383
9184
6711
376
7201
8253
5260
6283
6459
4844
2820
3745
5673
492
1295
2814
5844
3854
6629
1090
1764
5458
6092
8564
703
8794
8275
9871
1894
1161
336
8199
4762
101
8505
3694
9247
2179
5745
3898
1843
9802
5891
3358
9912
1732
2758
3058
6233
9251
6266
4768
551
4841
212
6066
6966
6030
3880
5664
1279
5352
6890
8616
4250
2455
8316
6613
7196
9805
7450
2232
2007
5471
1106
5951
6759
4407
3217
3575
6283
5348
1460
3478
3531
2605
9651
6221
7053
9721
7947
2077
3271
1761
6200
7692
3243
6458
7720
2319
769
4431
6706
4653
8152
5149
3863
7253
7097
213
1888
7944
9101
2695
4681
8884
9816
3172
2839
4425
353
8057
5555
6962
1934
7651
9434
2645
2742
1700
2308
9395
1876
6829
789
428
1212
2454
8451
4961
948
498
9038
5619
4600
9030
2522
8440
2044
663
1347
2862
2703
6223
233
8782
6775
3799
791
608
9326
9258
952
345
9241
7370
1439
8370
3489
8966
4562
2323
207
7101
4487
6052
4364
6705
3805
3126
1712
7732
6078
3150
4237
7847
3105
1580
5092
3896
5655
8889
1448
7293
7483
5245
9427
7770
7623
7451
1147
9032
5454
2938
611
6170
3505
1197
3520
5783
1774
1146
8090
9023
6002
1800
7604
3700
2075
47
4540
7444
9778
4596
3058
3813
1901
9237
8132
9244
1940
2367
7462
8322
7305
8619
1641
5001
609
6375
8626
9382
553
6887
1639
494
6328
6257
493
9313
2766
9447
2711
4647
5394
5224
5066
6323
4942
5084
8779
28
859
9619
3264
8415
8753
5340
4854
306
452
3302
4693
4351
4123
4989
9168
5257
5429
7231
8294
4531
7717
8041
4654
9605
6015
8765
4388
5206
6193
5594
9385
2189
5105
938
6476
1339
6558
9922
1832
2778
2438
2457
4641
3889
9538
4901
4845
8135
4202
6284
8153
1131
3243
7988
5745
565
7225
7506
5161
9277
6218
9349
3816
9693
7095
1837
5978
9476
157
1070
1353
9872
1199
7933
1532
8371
4293
626
8310
4867
954
7289
9956
1388
8147
7606
428
8073
9293
1978
4080
1051
7472
8229
6422
9343
7970
7130
5661
6768
3790
5484
8030
1274
1102
8522
4660
5403
4796
576
204
7318
4774
4852
8512
7817
8947
7126
6891
7664
4058
3251
2759
9881
7776
6040
6465
125
8716
8076
3243
3457
4036
6652
3567
9788
3046
225
4392
8681
6924
3963
6443
784
8427
3675
3597
2722
1171
860
7550
6753
3914
642
5095
3235
7644
3746
9992
8381
7281
4128
9363
379
3877
6034
5628
1732
6495
431
3180
379
8052
2365
1722
302
4167
1141
522
4758
2132
356
757
6215
5967
6944
7190
2818
968
9336
5072
7185
4720
8051
9992
3103
2894
7063
6490
8395
5432
6134
8436
4193
7026
8644
6550
622
1254
4371
2564
4239
6471
4256
8916
7832
4898
118
4107
5543
7772
8717
1777
1940
7689
947
5780
4885
7672
9204
4042
4246
5242
1554
7103
8198
37
4062
7286
1355
3919
213
4898
2265
2059
9989
3534
8740
3930
3110
48
874
2911
2285
822
2528
2843
8753
4110
2811
104
3084
8474
4515
7577
9089
5181
3453
4073
9417
4721
9639
1918
9213
4790
9364
8534
1090
5625
763
8051
5790
2550
855
3708
869
2121
7646
6050
3093
1532
2588
5037
9184
3090
7944
7335
2937
8975
9744
5778
3210
6700
635
8127
4652
3245
8451
129
4250
17
6734
6379
1767
8301
8458
6739
517
6895
8598
3670
9304
3777
3435
4526
3195
7833
288
824
3360
7708
4330
5921
2540
245
4575
7590
5940
9199
3899
6643
373
1111
8255
790
4264
8353
2415
1253
5554
8146
4385
6839
5394
3922
5157
1375
8049
1901
2381
3739
9687
9344
5076
836
7929
9454
3153
4740
9842
1810
1883
4116
3419
5656
1144
4039
3709
7609
9656
1311
3256
7215
5468
5310
2388
9390
9648
3371
2803
3543
6559
5655
3636
5264
4804
1902
348
6444
8060
8411
6247
4100
1828
1126
4870
9519
329
7917
3306
9743
8371
9856
6621
7405
4757
6754
3169
7655
4399
2627
5428
5454
1482
8711
82
2758
5435
5366
1553
7562
4654
6245
6081
5548
1293
136
381
956
869
1176
32
4445
2283
8724
6406
5393
6446
7882
3826
2683
5834
3451
5568
7247
5083
3804
6584
7010
7453
7690
2104
5344
3179
7711
3255
347
4519
4100
2051
727
1954
7307
4963
5408
5065
956
2041
651
4447
4218
8844
4693
1100
5046
8083
2466
7813
913
5430
3360
3095
7953
3157
5955
4046
2441
6782
393
1657
5835
3694
7047
6321
5344
3968
7650
8262
2641
4588
5123
453
1234
6988
4563
7785
2175
1591
1823
373
8780
8437
4713
7491
8737
627
9557
8394
3079
977
6827
87
4382
7754
1650
2343
8272
593
3209
489
3592
2369
5887
9215
6065
5915
507
5579
4270
2159
9856
7727
9986
3318
7477
8933
9320
4665
3069
1282
6138
5685
6019
9097
1523
2192
2515
6633
8384
3911
3297
1308
5333
3589
5292
9437
9325
8967
7564
3852
2686
3147
2049
6594
5842
9073
9681
2907
6078
1008
715
6677
7035
6560
9850
9393
2508
6124
5839
6185
7753
3166
4039
8597
7005
3333
3002
7881
1280
7723
5156
5278
5354
71
792
8543
5890
9121
1172
5854
8975
3894
1910
4372
8100
9319
2080
4457
3402
3348
4087
8490
6803
5213
5935
1504
9826
5783
2939
5175
9781
4616
6751
6167
1204
2008
4827
3850
3512
7143
1084
1391
4367
5030
4248
5740
4150
9969
9561
5953
2008
2938
2645
3161
2839
5176
5523
7825
8099
6622
1553
5155
5700
953
7781
2802
8631
1183
2693
6937
8925
7960
5610
2170
8631
45
4169
6441
2032
9165
7214
7779
712
4920
6323
5457
2928
6762
4988
3754
7616
8470
7005
7178
2060
8073
7565
4665
1413
652
17
6557
3775
8234
256
6619
5958
1855
3847
2971
7422
6840
9562
5936
2386
6736
7830
9080
5972
7138
1813
1943
1574
2517
2128
945
3901
211
8288
9133
4220
2435
7683
5544
240
5296
477
3795
1661
3283
2601
7208
3885
2357
2156
9175
3829
1847
4575
3834
3343
5419
909
5619
8053
5068
8472
9666
5445
1085
8619
2123
4065
4227
257
9802
3995
7251
9605
318
1324
5002
6704
3030
5106
4167
2198
2544
4985
1499
8187
7339
2028
3100
1206
3443
382
4584
8716
8396
9057
3778
5325
7203
2903
3277
8507
2851
8961
8425
3002
5570
9583
1085
7396
6928
8544
1545
7577
7530
617
6625
7044
2118
8378
2187
3431
6831
4290
5200
471
1679
4066
2961
2074
4589
7266
5065
4008
5208
4372
1032
9495
8706
7120
137
3061
6130
2398
7053
7461
5675
8194
2428
9712
1173
1255
8441
6821
6755
9271
2419
1518
1544
2377
7244
5808
9415
7635
1476
7330
4699
5478
8617
2861
3373
4964
1071
5054
983
639
7854
438
2697
7614
8950
7023
7977
7035
4131
5759
8242
298
8210
4502
1542
9376
5804
680
5123
6051
6009
1341
5169
9482
3718
4797
7439
1140
585
3735
7159
3347
5736
1408
427
5039
7568
5167
4660
8425
205
1970
8211
4512
90
8688
5476
527
2320
4262
2214
4055
6470
6895
1098
7735
9850
8044
3806
7071
2643
1941
9771
5575
5226
3475
9328
5240
5517
1782
1391
9464
3662
859
4844
6604
9152
3599
5780
7103
7264
6609
420
6068
4396
8270
4623
6637
2729
1244
2606
1623
1432
8304
3977
5875
2691
5474
1450
3317
2759
806
9583
5249
3354
2153
6523
1165
5223
9853
8696
2717
1590
324
4261
3672
6893
1637
3618
3972
4078
8509
5358
1702
8051
6937
6441
3443
4719
7386
6907
2935
1578
9417
7855
7600
1406
581
1652
8069
3350
3260
7492
8737
891
528
5228
7598
6307
9269
9184
2279
7761
7585
180
5688
8218
4017
2594
1740
3262
758
1649
4003
7246
3181
7586
6591
46
2964
9866
1388
5939
9352
4955
1037
4169
9812
7973
1161
2827
2664
9756
5127
7435
6102
2162
7426
8710
3909
6048
313
7440
2499
9686
8274
8727
9095
4927
9620
5180
6170
624
1779
8297
5229
6777
2185
3354
8492
3152
5005
6969
7937
4305
7016
82
5189
2779
461
7255
3474
9511
2501
7838
7703
8378
4603
8784
4426
5345
4563
5154
2736
4206
6526
6581
355
8281
5078
9000
4644
8321
9658
5446
5220
6317
1011
8552
9677
9304
1900
877
1341
4245
2601
6843
6349
505
428
8252
4473
3480
1725
9458
2432
1300
8985
2460
3670
20
9871
2874
688
4624
2311
2202
2436
1920
283
3226
8088
8824
3552
7849
7784
7003
3441
8389
5215
3716
7823
5835
1391
9923
8990
2505
6799
8348
8043
1339
5075
3882
808
8653
3451
6186
4983
6468
3834
6555
228
200
1900
1162
3485
8095
6118
2889
5195
4351
8379
7952
5142
9493
7896
423
498
697
349
6567
7173
639
1233
1533
8554
6138
1680
5941
5525
9236
9711
9146
5437
4072
4239
7689
1193
7246
7989
5987
5400
2868
6896
4371
9584
7938
8019
5633
6065
7200
8923
7946
1926
4426
6530
2744
390
6255
6920
5701
7592
418
7267
922
3294
9667
6237
4667
7149
7865
8183
9551
5493
1678
9632
8310
459
5608
9987
917
580
7255
3517
7504
4531
4881
7168
9977
8613
6707
8592
8848
9842
4098
4973
7377
8813
5481
7465
5270
2001
7248
5258
8715
1801
8926
7377
8537
9571
8696
7197
4841
6012
5585
7169
5227
5377
7468
1857
2564
9089
9769
8825
5203
7991
1325
833
4392
6211
5679
9033
6548
2227
3888
3644
2585
102
5560
9081
1066
3758
7117
3262
6398
7946
4266
3407
9014
8431
4868
5882
569
4888
5587
8793
7211
3142
8913
4924
7647
9660
5410
4886
4130
5135
622
5659
3654
18
5455
9076
2525
8371
3254
8116
9635
6259
6050
505
6624
7198
9061
5044
1047
2588
8335
6667
2973
9733
3480
1296
6724
7355
9410
5
3191
343
3857
800
8248
1005
122
495
9239
6815
5257
2729
8132
5605
2048
1695
8374
2332
7173
3865
8073
1987
5268
1952
3806
3524
8860
4003
6825
6134
6275
6057
3448
6211
6737
2625
2818
9986
6587
1686
7581
2863
6618
714
1767
6969
4608
2027
3838
677
114
5479
4491
314
3795
1803
3538
8150
3055
7505
3584
379
6870
1722
5885
3824
6288
7058
7156
1285
6917
8734
3847
7772
7828
8846
905
3933
599
3448
5897
6115
7280
2615
5262
7964
378
3120
2674
9648
2097
8098
2225
4420
2450
860
8855
5733
3175
1535
4747
3181
1198
1823
6810
4079
1433
821
7049
616
2158
2054
4748
9716
6178
9413
5901
6777
1797
6473
6196
6543
2476
2012
7961
268
2851
7120
8334
6711
3182
3635
7785
8895
4412
220
1810
8742
9274
70
6028
2106
949
1945
6622
1406
5227
2956
9908
7679
5001
700
4361
7357
8719
2105
525
4221
1649
3322
2904
6330
4708
6962
7335
4018
3267
8392
8547
992
4172
43
5029
4683
321
1769
5355
3626
7483
5860
9226
1516
1769
5034
2058
3332
1944
3454
8085
3558
2989
25
9409
2878
8181
1761
2164
5215
6611
6700
6449
8701
4503
9507
8847
800
9161
1275
6359
8950
9708
9497
7457
4511
6889
5811
5215
499
8803
6715
4511
9898
5152
1078
253
4411
6463
4581
6828
6487
8431
3323
6783
3860
9256
6095
7252
3408
8505
5970
5958
7246
6940
4360
2353
957
1848
6728
9683
2731
3486
1738
9553
9506
310
2476
3092
3041
7111
4868
1083
2629
7533
4681
5421
3575
6147
6756
9557
1474
3665
4215
9001
838
9889
2634
2022
4230
1362
6519
5723
4682
3924
9178
2414
1219
3718
6982
7094
3466
7824
852
1655
6457
2965
6955
6029
7545
3913
9547
9761
5423
1870
2719
9161
1306
9568
2581
7538
2292
452
4773
1916
6897
6158
6486
9789
8812
2300
2470
7222
1679
8070
8994
8562
8530
7569
9114
9633
9349
8812
9274
7004
5165
15
1312
7666
6096
1254
2065
6156
7547
3638
2442
6627
4731
2707
8095
526
2138
9431
8637
3511
464
9460
4389
686
2992
7449
7033
2288
6641
6205
8164
7302
3969
8612
1271
8545
6081
3939
6809
7126
6411
9374
701
731
5659
5726
7422
4899
3053
5493
3280
3664
611
7076
9267
7601
4446
9284
3525
5512
1513
2579
8539
319
2035
7829
1935
3661
8210
2757
2187
1595
8317
3805
1842
5204
6977
9717
8628
9872
8636
1250
1896
5851
7983
2249
7972
3102
904
6349
5701
8146
642
8094
3694
8907
9349
9640
1679
4755
6827
1558
4970
5878
1033
3463
5819
4927
461
9012
9240
4565
1577
1169
979
125
1633
3751
6737
3984
7016
3644
3896
4804
3110
1723
2451
8305
4370
5845
761
2352
1109
5124
1283
640
9607
3569
1675
7629
7550
7017
6497
49
4608
5121
2114
100
4369
6418
5717
2860
874
1133
9483
1225
578
6004
3512
4835
9215
5471
6656
6960
9077
8443
1207
7209
9843
5653
6620
7787
1828
6203
6945
8363
476
5657
4147
1851
4183
2727
8734
5479
7652
1143
9088
8223
2944
1749
1469
8565
4309
9938
7272
7956
688
3585
3837
7709
1366
6900
2634
8568
2361
3186
9104
9462
1297
2641
5138
7572
1901
8636
4331
7994
8122
1250
9200
5995
1448
6091
8720
4135
2590
5157
1947
2212
1602
9458
8753
6993
3197
2408
2560
709
7192
4805
6035
9272
3044
2789
838
348
165
4529
3207
6315
989
1504
1274
4116
8970
7724
3384
3273
7392
6545
4411
2321
8662
7930
8359
4341
2727
9468
7446
8915
9517
6212
9101
9948
9225
3545
1939
9100
5393
9943
120
7400
6980
4308
6662
531
92
6076
2438
3356
8083
4518
8653
7404
3533
4595
4125
3587
4724
6197
1342
9488
5981
756
2661
7738
6658
9520
5173
810
82
8699
4740
2644
6014
2204
8229
7623
5165
7085
1856
6672
7285
9583
2235
9701
3901
6517
5522
4829
9404
195
3271
1576
6306
9615
9340
3443
8194
6708
7620
5339
1391
3484
6239
3466
1855
6564
1914
5858
6105
982
6286
4109
1656
4840
3000
6973
8644
3913
6297
9044
2325
7752
920
2996
3629
5984
6738
2916
8997
3152
5065
1218
4301
5498
211
9533
5331
7400
6471
1391
1567
8782
677
8991
5140
1709
2993
9133
2559
5191
2606
1605
7330
7730
6993
2487
5447
9312
3257
4041
9382
4485
4911
4918
8074
7721
5059
8688
6568
1562
9625
3382
7036
6654
3196
3408
9268
9582
5538
5334
82
634
9379
5112
9488
8571
1814
1222
3191
6080
9731
1235
3003
1303
2046
8065
1050
7805
816
2790
5815
8997
6431
9336
1964
3469
7063
6275
244
9469
2516
2827
1888
4164
2985
4803
6680
1842
7116
3502
703
236
6082
212
9176
144
4764
5534
1909
2887
7775
1476
5903
1287
7351
532
9753
1777
5636
9147
2717
7865
8140
8380
6034
982
1057
254
4084
6649
7530
8088
8125
4825
8830
5195
7924
9147
3520
6398
7164
2636
8091
621
9522
1391
1748
1580
1828
5361
4456
16
765
7098
9675
2219
5417
6121
3336
2843
9071
4744
5839
9010
9635
1425
2023
3254
769
1439
6208
2789
9454
3613
36
9176
1577
9117
8486
7920
5033
3772
4568
8337
2985
6887
8635
9004
2959
6871
7295
8789
2791
4997
4936
1327
2877
8209
7117
7156
2428
7310
9271
5362
4899
9203
1960
9979
2528
3122
7474
4591
9325
4987
4165
1263
2481
4062
2266
9389
548
692
8320
9301
8963
6670
7333
8377
5491
350
7034
1503
8702
2454
2090
9923
2342
2119
3516
2883
2259
1419
2306
6778
2747
7233
5629
9299
3013
870
6492
3274
6651
7119
5238
8790
7785
434
6458
1840
6218
4879
7430
9655
9499
1286
1415
2924
2702
6565
6778
7581
650
3962
6917
2343
1831
8225
2073
5997
740
2285
3529
9270
5969
7402
9963
3276
1810
1481
1770
154
7864
6777
659
9906
5588
301
7557
4294
2563
857
3196
5398
397
598
260
6912
9885
936
3682
8126
6102
4381
9685
6083
9700
2980
2298
9150
313
8851
3796
7300
1618
1576
6621
417
1845
4722
4298
3736
5949
4422
7415
1124
3466
9220
355
2239
7083
5092
5333
1114
9628
6509
8406
2094
3644
2802
7983
6437
5347
743
171
2403
7373
8573
6751
4103
4824
2005
6643
7418
4228
736
5734
8729
1366
2463
6064
3966
3814
3960
8919
4431
231
3497
1461
8893
2019
1061
1956
7790
6753
1153
7583
614
6613
1673
5842
7964
7990
7786
9667
7214
106
9512
1982
4854
6982
3417
9142
4606
2653
4996
618
6669
7631
5498
5517
1938
4846
2151
6027
1007
671
4629
3058
3047
6933
4039
6083
2346
8346
341
2071
3795
1394
9490
3119
9495
7324
6332
4115
3306
6163
3712
5031
1034
2340
8769
6931
8135
402
553
3437
4231
6474
624
4695
9115
5387
9511
1027
4172
6221
7515
439
1159
1033
3168
8516
643
9511
427
6730
1899
2649
5166
9111
8582
5319
3831
7447
8840
1235
7279
2721
2236
3176
2254
531
3711
7091
4919
268
346
5557
9482
5160
2229
2245
7687
4236
2973
245
8892
3485
1089
3518
3191
9575
8013
6639
4681
9229
1153
2939
6138
9374
3462
4966
8680
7115
8479
8471
4138
