8856
2725
8831
7235
6058
2152
4320
1598
3019
9415
4184
2237
6171
8138
9912
1940
2307
8672
2726
2177
4939
5115
5102
1202
8399
3517
79
898
8738
7974
5995
9461
8834
9648
5336
2638
7970
5858
2280
7876
5270
2941
2779
2950
6885
1896
958
3137
2723
1600
86
4894
6651
1955
168
111
8778
3853
5626
6800
2755
8257
8555
5498
6153
8989
5277
5473
7530
9478
4772
8292
6762
9680
827
6019
7677
7929
7899
2033
8148
1577
6240
7630
3939
4509
1650
8040
2892
3037
30
1790
9603
5217
8421
8612
8603
1822
8745
2034
3196
4017
8128
7549
2567
6209
2794
5559
4146
3942
1906
5163
6679
5881
4942
2542
1283
6417
8372
4241
8760
6185
7550
3231
9796
4080
9680
7551
1277
455
1316
7637
4745
9929
4078
2746
2838
9658
1553
9610
8746
3985
2465
1824
4755
7518
9704
538
6307
181
4341
6526
7983
891
2603
4368
5571
4486
886
5125
1293
8310
4676
9295
4220
8999
9477
5783
988
2428
507
3269
9789
1908
3712
5561
4058
146
6889
2459
5492
2953
1773
1496
139
5782
4138
5290
9925
998
8405
5907
6495
8771
7430
6418
5910
2001
7934
6261
5182
8796
2787
6162
9435
89
5849
3006
4061
6102
2481
7233
6225
1647
3700
4825
323
3239
5313
2115
8553
1234
5956
5936
4483
1661
1389
8241
848
8414
7232
877
4351
2141
6952
6088
1566
624
6740
9143
2044
6454
9494
814
879
7314
7150
1734
5099
880
1450
1095
4176
9252
577
844
5497
6510
3528
8030
966
3720
2271
7362
8821
4099
4703
7657
1001
7962
5819
6528
6835
2094
6632
9015
1767
4880
4346
8410
1501
4899
3476
4833
316
4794
8922
6833
4605
9173
1499
6387
7962
4189
6827
8887
1369
9784
6287
2991
721
6011
318
9831
8857
9067
6613
2756
7588
6740
9743
1198
3286
2767
7085
5247
4755
1616
1863
5087
9547
4889
1683
1997
203
9964
9459
7647
2255
7341
4168
5264
9006
9908
1489
7490
26
9789
3533
9929
3655
6995
1919
3869
2479
6300
3969
8199
8489
6932
5516
6076
9113
8727
6617
5290
774
7303
3501
3549
7461
3493
733
4660
8031
5007
71
630
9309
6743
4509
3065
4171
3957
7255
1297
935
3955
490
8239
1188
8441
3237
9456
9340
1060
6200
4464
9616
8513
5670
7805
7973
4309
226
4703
6131
103
8870
6857
3768
7160
3349
6263
1731
6094
8191
6517
6678
3902
279
283
7203
572
2836
7016
2922
591
8375
7263
1980
8665
9178
8772
7766
5524
3908
5030
3044
4885
5705
8451
5564
2047
5851
159
6070
4640
3242
2318
608
8788
1643
7651
7342
7867
963
832
6687
1042
6087
7419
2673
462
5303
2113
1731
5492
345
986
5668
7647
9511
8610
8616
4342
8732
7388
2766
1950
4554
6041
4730
8276
7330
2302
7427
4656
2363
5496
501
3604
7489
6977
5499
2487
5011
7800
5526
6897
8515
3123
9071
6890
9319
5133
1223
4501
7979
52
9481
2388
8875
1917
3161
2789
1293
5057
8512
2740
1713
466
9650
1585
4453
6384
8447
498
3062
3205
2468
5839
8873
4937
5199
7990
5188
3447
6096
8055
2989
1126
2937
9971
2468
1660
1618
4369
8571
8570
3294
5106
8973
722
630
5049
9307
9384
8240
7070
5326
4393
7966
6505
6001
3493
8698
6762
6619
7742
9301
3579
8543
3435
1503
6138
6734
1606
4802
9750
8
1352
9651
2436
5656
4243
1844
9209
3707
9312
6016
3307
9317
1732
4781
7437
8163
6137
9418
3185
8482
7014
4932
3208
63
3858
4537
8501
1953
8034
386
3804
475
1260
2266
4462
4642
4190
8882
281
340
538
409
5776
1669
2768
5664
2180
3258
3534
7285
5183
973
7103
6876
1179
4668
6793
6552
9841
3901
8131
1688
8077
5901
3253
7574
6213
5958
546
281
3747
3578
4881
1335
9055
2798
3101
6713
4863
8028
3626
2757
1486
391
1684
6577
4949
2976
9722
3124
9997
4719
1572
9847
9868
8477
3570
11
1343
6613
2236
3504
5129
4313
5290
5887
6358
8513
6546
2960
289
9798
8409
8677
1993
9655
5597
8072
711
7601
6454
3985
8821
6272
8467
4464
2030
5722
969
602
9748
6068
2078
9208
1706
1441
4604
4726
2388
7743
1593
1193
9082
1502
3561
298
2663
2102
2711
761
648
7213
7075
1524
5332
435
2359
7404
2541
3522
4707
8359
8902
4146
4897
7721
808
9592
9205
2509
2171
7734
3106
8458
9124
1379
6252
7667
637
9986
6190
2503
6074
433
1328
3250
74
5857
3656
1453
2387
5567
9643
4771
8902
1796
527
3469
8170
2920
4658
5261
771
645
211
1971
6658
132
5199
6438
1335
6445
1992
4897
9589
640
1594
5164
1627
7591
597
4416
9078
4897
3273
202
7582
3281
5071
6554
7438
2857
1301
47
4305
463
4593
7933
858
3616
9901
90
6360
2057
3538
4957
7051
9506
6366
6861
6002
7729
7570
2950
8634
6085
9561
8937
746
3947
927
524
8743
7526
489
4296
4354
1417
3936
1425
791
8894
2945
6155
6768
6516
7547
3821
5584
6036
234
715
1503
7965
2929
8957
9958
2583
1104
7466
8335
8769
6856
9310
1117
4149
276
764
9643
2452
5150
598
202
9093
9739
5534
6185
7598
2496
2561
7622
3027
4644
5661
4565
635
8551
4035
1543
2247
7175
9722
1805
7737
3852
5184
6821
2393
9357
2290
9804
4429
1704
1720
6675
8318
1163
8531
6138
3028
1462
4002
7863
3264
3308
807
3405
8047
6154
5621
5687
414
5724
3575
1631
9613
481
8219
8005
7429
2710
5143
7423
8148
2554
853
8441
8570
5631
8464
8569
1904
3047
4378
8783
9677
451
9140
9082
3912
4642
6122
5335
3304
9946
6577
1585
6252
5383
3364
6226
5450
3346
8331
1473
2149
3530
8607
3042
4603
4633
3883
2605
506
3332
7625
5285
4105
2553
6610
3985
9755
9144
1251
1127
5150
2630
5565
6382
9200
6106
4502
2704
2077
3020
1076
5581
6132
6460
5871
269
6252
1592
5055
9460
119
3562
5199
7031
983
317
9870
7264
1242
3574
7510
3299
2580
4400
276
9663
6637
2609
3518
6401
7493
14
8737
116
4269
6219
7370
4656
1173
5969
9443
2338
1069
8309
9807
821
1604
2658
3917
762
6673
6061
2709
6170
2221
3449
729
4694
1820
7948
3170
4038
788
5237
8359
2967
6796
6975
3683
2738
384
1285
8486
7701
7685
794
3829
8670
9981
8842
8740
1632
7572
8376
3948
6410
2614
7077
9127
6962
2074
3437
5547
4021
6117
9370
2119
6695
9206
8481
1336
8414
1571
8533
5612
5163
4018
1091
1364
9767
4705
4273
880
6035
8830
6571
9954
2323
2112
8726
7955
300
9539
5458
6497
792
9968
9049
8523
820
6944
3332
8267
6541
9960
4594
523
420
1448
4193
1294
9573
5723
581
7524
2769
173
8988
812
4414
9770
3117
1322
1039
6791
7523
5859
7282
7604
9868
1921
1049
4743
382
7717
3464
6836
5229
8011
8631
9430
2729
4837
8714
4605
5977
608
3532
9770
2469
9752
371
8290
9469
4672
6625
961
2887
6718
4547
5450
9766
8941
6674
8803
8237
9077
8704
9570
7305
7026
46
708
3712
2522
1117
9316
3989
3947
7577
9607
4544
4180
6870
6994
4717
3810
6174
6915
383
3716
7098
6115
9490
3088
4046
5103
8803
1842
4405
4672
6813
8557
1056
6540
5440
1791
9170
6141
6884
8228
8745
9371
8335
9753
3477
7297
9187
1374
6416
6833
7110
8231
4644
4535
6371
2314
9580
6589
4470
9958
2199
5104
4982
4684
8116
3742
3678
7745
7297
7159
3071
2636
7956
855
9826
3596
7550
7936
9703
4657
545
7479
1706
5601
6466
2291
6039
935
1528
2439
5074
8186
7963
497
868
8410
2842
4136
168
7652
3642
5932
6934
6066
6630
5345
3504
3663
6820
3720
9724
3355
1567
6323
1370
6228
1080
3907
9384
3780
6736
8672
5610
4460
9977
7502
3673
8045
832
4562
8559
6883
9345
2280
2742
6572
1087
1795
7589
6365
1961
3695
5970
4853
1919
4963
8777
5271
4072
2601
8878
899
2819
7375
4217
8365
2570
1001
9463
5651
9437
6277
8687
8919
1126
4937
530
2650
6693
8421
5112
8369
1860
8538
5749
572
5863
8275
8487
4580
7973
3205
1545
6223
6496
7053
1444
3736
5908
8322
8169
1834
8502
539
7830
55
1284
3466
1595
2173
6596
3333
5984
8264
7822
4764
3952
2320
501
3532
6834
6695
5415
7852
9532
6326
1345
9110
9055
6666
8410
4098
3686
7091
1705
9686
551
1121
5905
8424
7016
4894
594
6921
7231
6828
1185
4812
5868
1352
2334
3890
1254
4930
9671
231
8495
1577
17
9376
5983
7424
5762
278
569
5143
5162
4864
8067
741
8996
5523
8023
5301
6807
5966
5078
4024
9514
3535
761
1315
8272
607
9209
4649
2597
8065
8443
6424
3974
639
4686
4640
611
7692
8869
3798
6051
5457
5818
8518
8937
7811
8744
1325
7907
5739
9899
1572
854
5447
6469
3928
5032
3428
4685
2255
4895
8529
8786
6269
5159
6648
6567
7288
606
1759
2401
1582
3125
7784
6926
8215
9868
4507
9033
8232
8709
2650
4640
9028
4163
3956
7915
5574
5361
7561
8106
1041
2260
4811
6509
2127
6013
141
6157
5735
3084
1301
4474
876
2136
2626
2089
5705
9996
3700
2320
480
5012
6670
536
7037
3031
7278
3566
9323
3792
1584
7203
5637
3234
9453
983
8394
216
1497
7027
612
3773
3846
9588
1527
1181
607
8428
4703
4430
6685
9437
2344
1703
9554
5311
4341
458
3089
8434
8485
3145
9029
9383
8994
9538
6894
7557
2577
1676
2264
7407
1540
6089
9893
9143
231
4357
7552
135
4046
6778
5413
2986
686
3317
3502
7499
7923
2042
1801
7073
6734
4602
5832
5324
8783
6927
3364
8884
5746
2520
2356
7189
8503
1126
2446
2906
2543
7048
618
3637
8303
1200
9135
1548
7658
115
600
4523
416
3637
2590
2459
4992
7707
1074
1860
873
9214
5312
9986
1469
8291
1692
5018
6666
3178
4973
1636
9653
6961
2544
6330
7854
2572
4781
9380
6495
34
3291
504
9190
4473
6008
6388
9696
9023
5954
2974
6639
2498
8143
609
909
783
6045
8938
5975
5933
2356
5397
192
8585
414
5480
675
2372
8323
9105
7059
1732
9425
4928
9244
720
3073
922
6376
3323
6346
5136
269
911
5527
5946
7644
4732
3808
9336
9425
4379
9041
7880
6415
8199
880
7939
8287
2528
7773
9214
8902
6555
9348
7044
1174
3248
6569
9254
4998
4282
2436
6923
795
6141
8959
4579
4503
8186
5074
1977
9638
2106
5114
2278
5172
2714
8371
7642
3204
8621
4945
2819
5761
1381
5582
8626
2075
8099
5221
4729
5452
2114
8242
7761
7404
1744
9590
3083
2549
5601
531
8015
2676
4771
9869
1544
9635
3309
5726
6795
179
1858
2743
3210
8921
321
7868
7992
6900
2039
9819
1679
5970
8597
113
9163
6560
5751
2968
4478
1539
1131
9406
384
9207
7360
9608
1037
6825
2464
7217
6614
3884
5944
6605
1065
8349
1234
9734
5377
7189
2790
1532
6340
5934
6667
3684
8297
38
700
3050
9289
1582
692
5132
3141
7639
4046
3032
1984
958
6572
8839
4632
9196
6814
5997
576
2217
5751
1705
8241
250
5386
8048
9198
3699
7101
2215
7287
2954
7698
3254
6735
8806
6814
7215
8925
8280
4439
5030
1491
8590
2530
3081
439
5051
8550
984
8611
220
6939
6385
5900
8303
9770
7070
9898
1456
734
4716
6770
948
6779
8273
9803
8793
158
1765
9316
8069
1913
1035
8801
1421
6455
3263
6663
6808
9817
1456
9860
2209
119
1727
9184
2384
1010
9486
5091
6696
4479
6474
8294
433
7337
7311
6371
7679
7867
1600
1046
1136
1847
487
1562
6053
4146
8683
9835
4584
2809
3445
3710
8678
9656
1379
3185
2870
4539
4803
1347
145
4430
324
3484
8227
533
5149
7823
3359
4384
5834
9463
3140
5487
6923
4041
3548
6916
9218
8242
2629
2535
8851
2555
1078
2280
1275
5305
2471
5276
4289
5781
7397
5835
5151
3030
8047
9845
4530
9731
5840
4
764
3559
6534
4908
8336
8440
2360
9338
185
4686
4686
1883
7497
5327
7986
2008
3949
9222
8391
2454
5079
7630
8151
6787
6183
419
8844
4691
3547
7695
8649
7617
5450
6100
9813
4889
8657
3057
2229
617
9563
3319
353
9598
2934
8107
8228
2694
347
871
9684
7713
6008
9682
7412
8917
6045
3932
7337
59
235
5674
1971
2420
687
95
9067
7816
6747
3057
3934
1228
642
39
2455
2773
5330
9439
1669
6584
3064
3511
5712
9448
7361
6352
5618
1187
9625
158
8310
5133
4622
6084
5763
9415
90
6706
1833
7052
1589
8161
8599
6806
1531
4261
2916
1920
6594
3143
8207
1449
5279
672
5168
7933
7369
7036
1474
9017
4170
3685
6168
5306
8034
8807
534
5595
7129
8739
4936
5378
2377
6026
145
7193
4149
485
8738
7985
9356
8917
2127
9660
3068
7340
600
3377
2457
3821
7931
6865
537
3271
615
5854
5872
6983
3936
4163
4351
5147
56
1429
8921
7528
6944
9314
4871
7058
8310
4077
663
9501
8490
4321
9899
7069
8964
6378
7631
4910
3662
6758
5949
7623
3987
8977
8404
6577
5772
1760
2208
6096
485
8290
8390
9529
3700
9701
8656
1542
9018
7793
5598
6174
178
9912
2926
9943
4378
6377
6855
5440
3209
2752
1001
2177
5185
4416
5758
1868
4240
3281
3506
5919
45
1054
2388
6922
3140
278
1608
6600
8756
8793
3563
9880
5667
6836
4250
4536
2816
3258
8525
2008
3584
7224
7537
4921
573
2195
4771
3740
230
8679
390
7486
3702
5824
7097
9192
3439
7170
1649
6644
6321
8215
8638
2865
7533
3063
2955
2474
4500
2788
7955
3808
9548
6468
5418
9993
7574
1439
583
1827
4415
9277
8412
3790
6287
2351
4942
7562
2897
8543
4704
7701
6533
1961
612
2178
3146
7044
8915
5890
7538
8187
1727
5649
8240
7624
6943
9905
9435
8972
6917
510
3669
7945
5954
1883
9076
7901
1149
2545
3947
3463
1052
304
3738
8295
8967
4907
1987
1850
389
325
4750
8183
1838
7059
1024
616
117
6849
47
4197
6929
7484
8367
590
4014
7364
669
512
263
7
6911
198
3681
3335
8058
7936
3768
6848
7186
2537
8881
9538
7194
4356
5881
3932
1134
5292
9226
7098
9617
6836
4747
6507
609
333
9475
6002
871
1652
2615
9594
7560
5722
8624
8891
959
9997
6480
1880
8676
9694
2533
8579
6375
645
5059
3689
3780
4992
885
4366
5519
159
6775
6388
6534
5774
6465
2477
6847
9134
1076
357
1134
9044
1268
3664
9046
3751
79
6294
7404
3723
3865
866
4686
4364
5403
2924
3927
5997
7531
4298
9458
103
5371
5061
640
9013
1013
8776
2523
7294
842
608
9352
2685
386
2560
4222
1347
8905
9536
7970
6078
2792
6294
2094
6948
2560
4562
9191
252
9880
5132
7418
371
181
1233
5774
3696
8238
3960
3417
4906
9499
1789
2158
9890
8951
8412
5066
3854
9088
9165
8654
901
7453
8988
6087
8178
8173
6700
4519
2069
3664
8406
4438
2255
631
7421
7131
4537
7504
6009
2189
1299
9246
1305
7248
3022
1451
1936
7059
1178
1769
6616
854
6197
9482
7854
2939
6133
3532
1796
3699
7751
4169
4739
6773
7431
7672
5931
5060
4464
3832
1595
7605
336
3019
7835
8087
8859
3554
8907
9439
1827
8040
9242
7119
617
8242
8310
4523
9029
3521
497
7846
3039
9907
489
9446
9414
5728
4524
3630
5070
689
6800
1738
2930
3815
5704
2447
1656
395
4611
7461
4829
9023
1612
148
9012
3651
5100
8900
670
4638
9313
3938
3889
6581
9753
8747
3218
7598
5327
1319
5696
5638
4636
3086
7249
4102
4259
6705
1841
9338
3719
175
9822
132
5970
6040
9035
4588
9699
650
5853
1248
8903
5170
3935
916
2345
1423
5495
861
6822
2479
347
1016
8933
2695
4187
1342
4304
513
3449
6321
419
8856
3610
7026
6616
1334
1994
7235
7499
2402
5401
7904
6466
4498
9971
1465
2140
4455
3119
2892
7651
6595
6966
6284
6492
7021
7126
4210
7338
8935
1879
4656
8840
1286
1228
9616
3979
1391
6424
7271
9233
8434
9412
4855
9446
9822
5390
4683
3829
5973
6351
9816
8575
8056
250
889
7890
8823
8182
1577
4204
4038
4643
9487
462
3794
8950
3246
1204
7685
4
1084
6926
4140
7603
4751
9370
3301
6560
5021
608
5609
9000
8401
1443
4055
1098
4563
9600
284
5225
1322
9444
9967
9460
5255
5357
969
743
4630
3028
42
1911
2924
4374
4185
5369
5434
1201
7850
8616
2284
6370
7076
1695
9512
1111
4195
9050
7605
2090
2391
2845
4738
5240
7012
6351
105
8063
6384
8740
366
5578
4842
1960
1815
2577
7986
9691
62
7143
6361
703
3187
7721
3898
2507
2057
8645
9852
6377
969
4168
9332
6034
2213
2679
2435
413
6098
4827
3917
8005
17
72
8206
7870
4831
9906
5218
3490
4463
4874
3117
9317
5305
6897
760
8371
9815
8653
6072
1193
5957
888
4414
7285
8098
3368
1923
5872
5369
4452
4580
2000
2467
3320
4219
6539
3848
1167
3001
1750
6704
8485
5973
2733
8038
4105
5015
9757
1804
7111
8884
8274
2309
2484
1040
4196
9063
7317
6002
4016
9882
7258
5832
9804
8141
562
8669
8402
978
7794
9701
3590
9855
2359
5226
8464
7611
3778
4440
9193
3165
801
433
8310
9702
5907
4741
1159
4916
9141
9938
1283
8789
7203
5192
3521
2546
8860
4639
3966
7826
514
9354
196
923
5202
9849
970
9960
9228
52
2908
9644
9786
283
5619
7333
7239
8839
5436
3185
9820
746
9983
1451
5363
718
9283
2846
233
2534
2330
4717
5551
8821
5629
8399
9487
5870
2122
4081
3041
255
2233
2935
6803
3767
2250
4402
36
4920
6647
4874
6785
4664
2457
8482
5937
8664
8319
9368
2283
7455
9022
4311
6479
8835
7136
6101
3911
4144
8352
5845
8420
9316
2217
417
3984
9064
7043
7955
7304
1696
4822
4693
6497
2778
3539
4089
345
6252
3071
4916
5724
7963
5322
5616
2395
1542
8105
2184
7061
2092
3463
201
8601
8123
9473
2891
5679
8387
6456
4199
7443
561
4941
7688
2474
9928
5063
2302
9392
4242
6439
6642
6765
1782
2510
8957
6407
9826
4812
9465
7742
13
7117
7858
5962
3347
6485
7421
9858
1435
4169
8654
1772
6229
6882
976
3525
8361
9613
5764
3310
296
2953
9182
8598
6256
5156
1727
9381
1267
9765
2153
5983
7130
4479
905
2435
2536
2977
4978
6212
7410
9036
4379
3856
5982
6916
7738
4934
5912
3292
7659
8371
7616
5920
7813
7593
7657
8962
7416
513
9401
9771
6858
1021
3476
5507
9585
4365
3579
3666
1417
1256
5531
5606
9275
5317
7669
1776
8336
3336
1402
6860
2890
4513
10000
7823
980
445
8821
2054
3136
1594
2930
1917
6752
705
9750
1159
8565
6237
9849
4486
8413
7728
375
1519
7218
1477
5289
1190
7921
8760
7093
9566
6955
5109
7253
9532
6273
9000
5352
8483
7693
5382
2102
1528
1679
3532
715
5240
9325
2093
4701
49
8653
4141
510
6982
5499
2303
3837
9895
1794
5541
6287
8446
3995
2203
1955
6808
8672
3319
5373
5331
2704
8074
9510
1380
5203
2503
9899
58
4641
5830
4152
6827
9482
2919
123
2275
4958
1638
8550
2750
4529
9528
3468
3705
8856
9921
5769
747
26
6963
4133
4363
2704
4425
8008
8865
6705
2568
9708
5366
73
3655
8425
9980
9488
1493
2920
8613
4057
7285
1919
2801
2904
5518
8591
6196
2761
1097
6336
9650
8068
8034
169
4122
7933
8591
6818
5286
3806
5276
4322
8282
972
1899
5887
2869
6522
547
9704
1110
9864
2547
4059
7315
1347
5633
5498
4508
3081
6705
3279
6723
8141
6910
2886
5168
4908
5215
9002
8688
2984
613
367
6655
6737
286
7638
4693
5470
7302
8454
7653
3268
4777
6833
7023
3050
9020
6728
8323
5476
789
2055
5197
25
968
4140
6660
7682
9417
4440
6725
279
896
82
5235
3886
6972
3857
9677
8696
1629
4975
6829
6125
6583
9451
4469
7543
7482
5736
5764
4252
4163
5534
6571
9270
3318
2437
7729
5098
7135
9900
5495
6600
7115
540
7716
42
8200
7200
9154
8417
10000
7706
9520
1402
2451
5161
120
5149
5891
339
6621
4937
5826
9877
7986
2333
4106
9925
5348
6449
5971
9132
3812
4501
1481
9651
3083
6971
959
6171
7216
8546
9585
6643
2623
9057
7444
9095
6115
6134
2279
939
6580
8953
7711
636
7186
7099
8428
4104
2406
9375
1359
8725
2725
9511
7991
2708
6696
3390
6251
7431
3474
4762
1696
7907
6912
6857
3126
6172
564
3546
6539
6518
5621
1365
8378
4597
2560
830
3484
8252
1010
3647
5997
7559
7472
8045
6343
865
1355
4948
1584
3849
5683
6476
8669
5392
8462
1565
2102
2335
3224
8566
4105
2704
9175
2790
3077
5692
5962
1972
6882
7542
1228
1314
6313
3237
6546
1934
6570
4522
531
2820
5343
7344
4073
9945
1970
5641
8629
3148
2579
3004
1441
8056
8056
4714
1352
5852
7436
6819
4456
353
9633
6384
5573
9558
9990
6300
924
5045
1018
3766
8322
2888
3957
2803
5995
8982
9580
9654
8
5302
970
6978
8007
8074
4746
3981
5664
702
4576
7100
7766
8544
4322
7479
7356
4784
8427
5038
6969
781
1640
4425
8832
8421
7366
2093
3037
9934
7147
2677
9221
4445
6194
8991
761
7250
9018
2824
4729
5328
859
571
9995
1642
3780
9225
1800
6943
1558
1276
3793
459
5148
9883
5220
9199
3218
1030
4607
3236
4868
5586
792
6164
6519
9105
9329
5871
632
1961
8244
3001
6822
1561
2266
8639
2068
6644
9798
8769
2889
6525
7982
6207
6226
1764
9475
1873
5018
778
4921
1478
8051
315
5106
1320
5002
4282
6225
9621
4389
7422
8760
9331
6258
8753
3476
288
7125
94
1005
9317
8269
2984
9435
5039
8799
4440
9749
246
9044
2057
4107
5354
4509
2542
495
2449
7028
5979
3699
5337
8541
9280
1856
590
2553
8819
4517
256
9541
7829
2505
4057
5781
7892
7533
9346
7000
8057
9474
1476
9238
2320
8762
9505
2974
8899
286
4983
8672
3944
593
1908
5022
1871
1415
3236
6095
6944
9409
597
4639
2645
8761
7630
9301
6503
5623
8206
4460
1981
9420
1015
7682
4635
3335
2625
1663
9160
8392
6629
4107
8819
9410
308
6333
3986
2646
906
3397
7103
5034
7728
1583
922
9969
3807
8574
7569
8069
9607
1455
4263
8780
8858
6435
273
533
4752
6312
7952
3591
8854
5320
7632
7905
5434
4388
7062
9143
1640
8054
6795
4637
2396
20
2102
4122
380
6195
9437
6983
4468
9931
3550
6188
1239
6174
3957
9354
2759
1026
7000
8147
3555
6552
2653
957
8974
830
1346
5471
5241
6170
3000
8930
4406
4250
3511
1584
7644
7928
4016
7613
9253
7767
1230
9573
2409
8789
6075
2804
2269
3282
6369
6168
5579
2578
5349
1059
6587
804
4630
5382
3359
6753
7025
2025
356
8630
9287
9927
2372
5830
1033
8509
6105
5584
8289
614
3311
4079
5065
9355
9595
2157
6861
6409
9215
4876
8296
4673
6281
602
8136
7416
9816
4413
1829
9908
546
5298
4558
4042
5465
7015
7726
2678
3709
3289
1565
7916
5401
7636
3222
1060
8490
3760
5305
766
455
4183
3840
6579
5001
2769
6379
9837
2085
3406
9318
8736
3210
1439
1549
1374
572
9932
9486
4354
327
6253
4492
8275
75
294
7548
2612
8555
100
2028
8183
9939
6325
3806
2136
5095
5367
9053
7161
222
1888
1092
6542
4311
2046
4534
4699
3731
1519
3457
9919
7448
3514
2268
5055
7456
9661
3725
1568
6727
2998
1573
4844
1060
5297
8883
5391
8221
1649
3108
9434
9601
3861
5972
7487
1054
346
3593
390
2402
3218
2786
146
601
1161
3937
5287
1509
9385
744
7752
9605
1773
8571
8039
4921
7598
3568
6213
4618
4856
9302
5777
2005
3013
5589
9765
8151
4193
3258
1040
1282
7153
3042
7752
2849
6972
8571
7553
6673
1858
6045
2331
9587
305
1137
9132
4870
1427
9368
360
9139
7829
3430
7638
9194
4761
744
3115
4791
4604
4417
8255
7805
63
9254
3294
6007
3963
6858
1188
8784
2335
7466
3054
7513
9336
5411
6803
8949
4631
1513
6681
6821
3226
733
8561
980
8412
3453
5036
518
3924
8521
5094
1884
2313
6669
8554
2485
3270
4754
7599
3694
981
5452
9461
248
5565
5559
283
1414
4962
6073
8013
5838
2219
517
8954
7053
8158
685
7470
4643
1238
6741
5537
6048
1936
4992
2912
9989
9582
988
4257
2600
9571
2631
8209
2555
7322
5213
5606
1163
8643
8410
4499
258
8538
9977
4547
7658
6411
9487
5156
3686
6429
209
8101
6278
5890
5690
7035
4105
5206
9614
5997
2221
9202
1584
8941
1474
1451
4798
3525
1731
4196
5867
9003
6480
9085
8410
9479
481
2793
309
484
4654
5281
4142
2706
6250
1437
6986
519
7403
3835
7941
3614
7059
1695
2348
4075
7834
7301
8526
71
1734
2744
8706
6773
3661
809
5881
4482
9723
3787
347
4147
4419
9582
8262
1754
5154
51
1794
7015
512
1061
1186
1966
2278
78
5661
5402
7697
2115
7146
2682
6117
9015
8655
8302
5708
2644
953
6175
2298
3277
1206
8005
117
5981
8460
5073
6612
6871
5041
8349
9992
9375
1034
7111
8538
2105
5011
5350
470
705
6267
4201
7675
5412
5888
5229
3379
2568
4700
2399
1918
7806
5369
5747
7990
6875
5624
4160
7778
8108
9918
2069
7797
9150
1096
7029
5928
6771
9348
8759
8086
4215
6559
9859
2565
5737
5315
3275
7586
283
9969
5433
3635
1652
1767
5696
2303
2181
8641
8991
5059
2657
5660
4458
9696
7380
4841
2414
3769
3153
5203
6860
3848
2173
8490
10
699
4901
9330
6860
8660
1643
3715
3607
6656
1217
5665
5494
263
2985
147
4204
8022
1359
8512
8683
1774
7328
3814
8080
5886
1678
1871
5628
8703
2849
5198
1088
6605
5123
4060
2999
8388
4520
6228
6424
3998
2007
405
3858
1701
8064
2070
4559
3931
4701
4401
7139
8087
8149
542
7585
4434
6210
5688
1382
6127
2686
4205
8519
1795
249
7775
2218
4165
6251
123
144
6259
2765
9335
7433
2765
787
287
944
8867
3236
1630
3327
6861
9485
2903
9459
3655
2012
5822
1359
707
9801
5713
3111
6090
5737
4931
3322
7191
6534
3896
8234
3880
6696
1528
3669
2932
7083
7414
2387
8915
7406
7049
1042
2538
2178
6026
3335
7167
3002
9946
2029
149
8225
8287
5847
9717
8787
1179
3062
2170
3161
3444
4648
1239
6783
1255
843
375
6984
7532
7353
9576
3205
3577
9307
9259
1817
5992
4327
4613
7209
5993
580
8715
9084
6411
1343
4514
2939
5968
6734
591
3606
2990
7391
5264
4724
3956
3825
5596
3705
3409
5512
2544
4665
53
5550
5016
4870
5671
3640
7573
2757
4018
3568
1367
8515
84
2449
9386
7749
4974
284
1507
393
4943
7699
2600
5802
4453
3618
9173
6079
6411
2154
397
8658
2074
5745
3365
7356
4021
8309
6947
8724
3557
7102
3781
1752
2877
3913
6561
7007
2194
8075
8238
4816
8094
2599
7566
1314
78
1201
2480
8703
6676
7810
1309
8843
7713
2036
5971
5618
316
4333
9717
9430
4694
4007
3536
6615
3660
2473
4319
1923
5593
3044
4644
6521
2203
1766
274
8149
3103
463
9742
6715
9973
8215
6413
7226
2934
9671
5046
7401
8666
7615
5589
426
1163
9183
1767
2143
5574
6986
6762
9027
2192
2943
2978
6593
2006
58
1269
5017
1306
7126
3758
7342
4752
4412
841
363
7863
3127
7821
9505
9248
2057
3495
8204
2767
7634
2490
2469
6742
8686
4715
3334
1119
4441
8740
4925
5303
7248
9250
2204
2171
9420
3792
4144
7556
8992
1651
3794
7086
5735
7068
7194
446
4882
2813
6242
9225
1678
401
5504
3885
8474
4683
5848
5744
7850
1858
1134
287
219
6032
9297
2438
8126
2570
1383
9209
5992
7664
752
3871
7267
3771
9610
3714
5687
300
9964
3875
4457
6786
1198
2706
2277
235
2836
5608
5931
7925
940
3000
1908
6241
8812
4206
3786
6169
108
9969
159
9463
6664
4316
6759
4467
4728
4442
2582
357
8515
4919
4565
3887
9999
6601
8060
7627
9526
2183
2272
8197
2288
1922
1322
1535
4470
6384
719
5610
4460
7575
2692
6761
6724
7486
2177
8794
8647
8212
3140
2987
3295
363
8408
5106
4919
6670
7055
1470
377
9747
3156
6541
161
674
6223
9804
4997
9889
9497
953
790
9263
7445
4784
7393
9472
3891
609
9127
2897
1692
7688
8235
3551
9454
8936
7110
3645
6182
3920
8955
2261
1496
8921
1497
1206
5378
7891
9960
3613
8800
8549
2294
3257
3358
5664
8547
311
1722
9174
7258
8713
5031
9937
4837
3196
377
1876
8217
6682
2712
571
1675
655
9214
2247
2357
5547
3398
24
6110
3513
8861
9239
885
6251
124
2970
5112
4816
1309
5770
7684
8109
3044
6318
560
4153
24
3189
8673
9276
5996
5263
7329
4076
9633
5600
3551
2707
4365
1206
1615
3443
4782
5432
5459
2606
2887
6009
5966
5620
5019
6974
9012
7327
4352
5834
7576
493
8305
7963
9795
5746
629
8350
7613
3755
8445
4133
3859
1637
8411
8780
7726
8085
1593
1202
9837
2194
6379
7241
8696
9510
276
8457
8592
2528
989
586
8135
6987
5700
8370
2152
9233
9921
1774
5671
7230
6203
7617
5401
2195
387
5585
6731
5308
200
2958
8930
270
6323
8628
5601
6535
9763
2733
4670
8741
9306
7330
6242
5461
2030
1195
3373
7844
5607
1987
7033
6098
9969
879
3098
6958
1115
198
2255
9693
9184
3088
6952
6243
4960
2191
5396
2111
1014
1283
2389
1583
9006
1813
4332
5943
5903
1952
5390
1
9193
2239
850
6529
249
1057
9830
7136
8480
4644
1
8098
1880
2165
7231
1847
6810
3379
819
3835
8207
1915
8596
834
7403
8860
8873
4800
8609
2520
7452
4251
2812
2502
2376
3325
471
9386
5024
6839
7560
2732
5121
4655
139
1125
881
1260
6324
1199
8992
8004
940
1333
7857
9238
363
2803
3075
5690
2310
4817
9759
2116
3484
9789
9901
6122
3792
6742
5221
4430
1979
4081
225
2904
5068
7903
3850
5028
8243
1433
9242
6469
1544
7787
6259
175
3115
1891
6028
2297
2601
8339
9717
9992
343
5440
5290
4603
2416
9250
5550
6815
7247
9322
1801
1633
8388
2989
1511
5285
4794
6374
6533
8637
4596
4470
625
7885
5710
9706
4921
2022
4082
3905
2309
3013
8465
9887
8411
8599
4515
4142
6448
5231
3045
3165
5720
9475
6041
2657
9915
1790
2322
9740
2195
5355
8134
5483
9243
3383
8137
5073
3179
8299
4038
2030
5536
3848
6016
4230
5572
7736
2622
1547
6155
1385
763
4608
2493
7527
1941
1733
5635
1511
2984
404
617
361
5029
709
7947
6163
3644
8232
8827
6162
6000
568
7299
1725
5926
8587
6702
5459
9319
438
874
3851
5557
5590
7535
6786
9908
8832
3431
9372
7039
3369
6762
7832
8944
1576
233
9993
5912
8664
3196
5626
1615
3961
6156
5494
6211
8708
9769
1036
6834
8513
10000
7488
9869
382
6044
2368
1578
3458
6231
3274
7324
6931
5432
7174
4516
1835
8598
1030
5579
1597
1142
2816
4353
4910
8646
1512
5832
3556
5074
4682
4232
4259
1516
7234
6466
4565
1712
8943
5829
1359
700
5136
8471
3682
748
1193
1964
1610
1154
1941
1384
4196
2883
2844
606
4699
4019
2386
7180
739
8709
2286
1419
3373
8006
4744
1388
4159
218
6163
7929
9460
2902
2993
5036
5392
2193
3740
6364
5370
7901
6194
32
3001
7294
4800
2259
4450
4571
9069
2930
3021
9301
4198
8391
818
8693
6801
2172
6096
5800
1509
4733
9874
11
2086
4107
928
6576
3115
7260
61
7536
6450
4597
5348
3152
8694
9974
6576
8640
5091
1300
6937
9839
5845
5996
9778
9984
8764
7801
7948
9457
7798
1638
7684
7843
9478
4402
5302
1100
3774
2821
2399
3550
5950
5944
2262
1243
8734
8680
2945
6280
7634
5289
7424
5967
7872
7146
3338
3064
5557
5937
2768
407
1997
6976
9938
1458
5694
383
365
6600
5779
3605
7971
4131
6232
6123
6232
6426
2420
483
5323
647
6268
4502
9884
7441
7996
900
2559
8224
9164
3879
995
872
5060
6133
3683
7215
8464
4935
729
6916
3546
7161
7247
463
8508
270
7517
6646
8766
421
2520
9635
250
4374
2851
4971
4907
1761
7404
8814
226
6930
583
5812
9042
3243
3957
2405
7734
1050
9315
9251
5539
5418
4686
320
2102
5080
3093
8718
458
9601
8535
5794
2817
6753
6954
742
634
3891
1727
1410
5584
2209
5802
4110
9814
5038
7639
5717
2088
1348
1919
5627
6065
8427
2273
661
5523
7465
12
2491
4808
5352
9816
7579
9348
1327
4541
1295
2469
9720
1801
9725
3514
2961
5021
9712
2017
2022
3213
5818
5739
2603
5529
1849
9863
8361
167
2946
8186
1454
6982
933
8091
9503
8443
4411
9583
7483
2343
6350
8029
3335
7707
1601
807
4215
1022
9971
2186
1867
2505
8880
2308
8866
4370
1216
5445
8739
472
3560
8394
3221
2478
4303
249
3851
288
7244
2309
7652
4307
5516
6361
7094
5319
5139
9494
4647
3622
8983
1529
5627
2020
3386
930
319
5265
268
6288
1283
4657
1731
293
922
4345
2527
8544
2666
8300
7919
7748
743
8766
6031
8376
5114
1799
226
567
6906
4490
4333
9681
9508
3860
1916
3563
9765
5103
2882
2301
3461
9211
6112
8935
7750
1089
4064
630
9170
7453
4249
9464
2514
6933
604
1476
530
2264
9588
282
5110
1818
7675
3415
2614
1185
2935
5116
5141
7946
8867
9991
7239
9853
5525
6691
7911
10
1403
4128
5676
7725
1754
1233
44
8852
8406
9195
2491
4131
1709
5929
6129
7995
7535
4762
9892
3472
6280
4536
3462
9288
7105
5201
6071
2422
1510
6894
9769
2914
5622
2600
9368
6355
5965
6906
170
4552
5863
7849
1403
8899
8861
2911
1246
9462
5737
8405
7019
3402
3082
6547
7192
4689
9273
3275
4413
4710
5061
7913
4742
3336
3984
5211
7682
7029
6049
8736
8012
4033
1577
2317
4982
8515
6378
5142
328
3018
6562
8696
5014
7080
618
3809
5239
5514
8882
4927
5237
6248
1703
1615
9602
7143
3256
9127
5325
5339
4893
6696
8336
8827
3102
1521
4406
8911
9255
5656
6210
609
8191
4502
4439
9279
946
4718
266
9614
4277
1557
5692
4864
4158
2468
8325
4430
6015
3637
7588
2533
6941
4452
1250
1996
4826
8076
6686
7632
4167
8965
3342
3283
8201
9827
9238
8711
2734
3044
2528
1785
8575
6227
1806
3193
8667
6609
140
8152
8412
6886
2272
5953
6282
5970
2452
145
5343
3920
2369
4283
3014
3762
4966
3012
8847
1423
2681
943
6578
1960
5676
5701
1965
9157
5791
9121
2169
784
3143
3899
9566
1822
1813
5597
5162
470
88
6076
8498
4065
6123
5666
3872
5143
4810
6387
3774
7590
6791
5862
5149
2776
8341
4756
4571
9524
1389
9377
2586
350
4342
5047
618
8653
7752
3141
5862
4459
805
1497
4941
9269
874
5803
4919
8918
574
8037
9810
8397
2521
9244
10
4698
800
4326
302
738
8013
5323
3506
9844
7595
7499
2787
1515
5884
2045
6050
3135
9951
6928
2628
2046
1299
7257
6407
2116
7194
7435
6669
93
5371
7490
4358
8715
1188
5084
4416
2651
991
3543
8805
8394
2289
5743
9332
7494
4791
9661
1105
1606
7421
6593
3331
5897
3531
5456
7984
64
4770
1875
2618
8124
192
5317
7391
1199
7967
5992
9563
2877
7536
4456
4595
5309
2694
6898
1570
3881
3789
5057
5714
3144
5053
2443
1914
1245
1475
9064
9643
2023
1186
9958
1441
9311
569
1109
6049
5537
1596
1305
9384
8332
5107
5144
4997
5592
7812
6516
5567
9858
1817
5931
9341
3386
3901
3277
1196
5919
2472
3302
1416
8397
2967
6874
3878
2189
6417
4343
5270
8353
9549
9721
4655
2127
965
4141
8301
5287
5839
6964
1655
3532
7697
2459
9616
2899
9212
9577
9661
5619
9615
1370
2917
7626
5324
2784
1638
2286
4533
8405
7626
5693
8621
2555
7703
7634
9660
4166
4356
9878
7401
5831
1023
2650
131
5219
8426
737
1271
57
7534
4368
1924
198
2714
3991
3770
7299
8176
7141
5483
4884
9774
9423
6476
3736
3640
5578
8027
6292
4391
4084
4744
940
5825
1603
1071
9679
8631
3200
8794
4493
0
1391
6089
3989
1699
2857
3568
5389
1528
7141
5027
166
796
2266
759
6227
1806
3761
8408
1973
8391
8532
273
3371
8098
4642
6358
6158
9072
2117
2467
6706
4614
4946
746
488
793
9981
4871
9092
2878
4716
5546
5047
4694
9947
4146
1073
2997
9929
6601
586
7899
3054
4059
9913
868
425
2677
1843
6208
2169
5334
3722
7729
3617
5867
7102
4780
3453
9077
3335
2609
1587
3985
2316
1449
1289
2023
919
2126
430
3732
8249
4445
5643
5180
3654
9524
6956
8858
9229
2834
1472
8069
8943
7187
1594
7942
3379
7755
1333
4754
2024
3242
8721
8924
649
9568
3204
4711
6571
7937
4866
2380
8983
9115
7642
8503
8292
2851
7658
9476
5320
2638
1372
1856
3724
1051
2394
9138
3871
2083
5977
1692
1488
352
5628
2463
4180
481
2837
2409
7827
3592
2162
7626
5117
8242
1294
5279
5879
2649
1608
4867
4448
6454
9173
7855
1715
7307
9921
8477
9981
3116
8800
314
2851
3012
7370
3830
4823
416
2329
3207
6647
2135
9882
6612
7713
1782
4375
3191
2985
3536
9609
5069
9812
1053
7981
1723
8604
2044
7044
9187
4513
2843
3323
189
4790
2085
9394
4663
7599
2378
5758
3937
341
3950
755
7904
5393
7902
8865
2617
44
5653
7491
4848
6523
9246
8115
3245
362
980
3879
5349
45
4563
8265
7367
6496
3769
11
3808
9560
5221
4230
7916
5029
260
1003
4263
4036
9820
8045
321
7031
6321
6647
2393
534
3209
9198
9610
8003
4674
6548
8562
6980
1743
3729
6371
5264
9082
9199
7993
5586
6055
2653
6146
7458
7973
6487
22
4108
1847
456
958
2608
6666
3703
3278
8625
202
1402
8087
895
8207
2600
6733
6136
1316
5606
5795
3871
2486
574
6340
6115
8264
6130
6475
1679
6447
6085
928
782
8331
6518
3224
1610
4483
3307
4592
8970
6623
3381
1030
6008
6705
2201
3733
7070
8183
8141
9983
6815
8948
8896
9584
1016
7721
1838
7775
7195
8687
2281
6221
6767
4815
2846
2939
6794
203
2980
9731
8324
8044
1681
2304
4908
5362
3431
1498
4440
2044
2088
6467
6869
9305
3527
9423
3396
3397
9500
974
4212
1560
3497
8986
8634
8633
3109
6423
7154
9736
7158
2303
208
1352
5305
7977
3123
2058
7621
9227
8363
2096
9839
6365
2414
8414
9540
3228
2774
3518
3215
8600
6408
8270
6627
8421
9190
4443
7054
2890
5266
8854
3280
7444
9506
6426
9595
4105
9980
5455
3932
4735
8057
5577
9014
2349
2872
8205
583
6540
7174
7133
8839
6656
6062
1206
4608
717
2240
8899
306
3686
3224
438
4610
73
6625
4807
6761
7350
3847
6839
7330
6682
9836
1916
7063
5375
3694
3743
7612
6085
3313
4826
2038
5627
7688
9485
1865
9329
3380
3314
6082
2831
4025
5901
7944
6036
6093
9925
2208
2665
639
522
4336
1575
6967
9221
4758
8093
3655
3177
9464
7707
4902
5093
718
8447
9745
9136
2792
7402
4590
9017
8387
6684
9945
6995
3521
3761
9991
9802
2251
4049
6188
5945
1877
9066
985
7986
6035
7834
7534
4729
2726
3599
5222
4941
8899
2079
6437
4394
1523
9500
558
444
7894
5087
3828
1891
8228
314
8006
7774
2780
8887
1412
8896
9969
2367
402
6605
1910
3288
2421
9071
5903
4214
3287
5668
6196
1858
2669
4375
8906
3535
8167
8708
1074
7446
5320
5775
9664
2349
8833
9205
9180
3014
8629
6937
6385
3433
8858
6334
8632
950
47
4844
6560
6389
1694
6593
3113
7955
9791
6078
2483
762
9565
1023
135
8406
3162
8227
6010
6347
5358
8584
1903
2843
8218
5670
5326
7975
5967
8963
4397
3453
8165
4226
4469
9387
4179
7044
5357
5312
6846
4637
392
140
8128
8585
2852
1729
7785
9760
9488
9342
3054
6650
1008
8153
6279
1652
2268
6390
4245
8509
8385
9957
5672
1898
4182
6618
1812
8472
6651
9221
2908
6729
6338
9781
7315
2997
7183
1410
3140
9080
1589
6796
5403
9389
3765
5459
2192
6202
5879
1497
5231
41
655
4798
7324
5661
6920
2792
5934
7815
9366
3
2162
549
3041
1681
8420
4977
3790
4474
8940
2587
7020
6120
7441
139
8410
2779
8326
3973
5214
4234
2477
4216
7057
2734
688
85
6442
6327
4131
7239
9248
5077
606
1225
7693
7348
2550
5763
1129
7033
7572
8901
2862
7896
6880
7768
8207
3316
8276
8631
5097
979
8581
1556
4207
2505
6023
9110
7073
553
7914
4738
3671
2894
7144
5030
5289
1711
854
9201
198
4674
310
8302
3154
1698
5207
1972
4218
5624
4106
9052
9330
5221
9014
26
720
1148
434
9412
3
5159
5111
2269
8871
979
8598
707
3022
8570
7569
9006
5476
3187
3522
7407
5228
5727
5489
4805
514
4415
3257
8458
1722
9443
1392
8041
9256
3287
2144
6051
6446
9387
3378
564
2930
1604
7987
1163
1044
7353
1112
4966
8681
8602
5342
6276
7684
7688
7101
4685
1194
3847
9840
3221
1551
8274
1111
6238
9019
6858
9415
4340
3765
7020
955
8691
5715
1848
3655
3918
7040
9975
3184
7273
236
8882
8667
3289
9745
8421
9218
3818
8433
4441
48
241
8734
7251
8811
8461
2471
2866
927
1975
7915
9925
9773
7801
8181
6687
3457
3908
9938
2020
3539
1399
2017
842
2142
6297
13
1255
7454
5075
1199
2420
6662
1337
8516
4611
510
9145
5543
2195
5619
7305
3075
5006
5173
7331
7769
2265
9120
4890
7371
6013
4097
9557
105
6957
8854
8084
6227
6174
1308
4565
5128
3226
161
215
6409
2501
3421
7480
1036
9519
2830
821
2711
7656
5278
2741
7414
5982
3125
8576
4022
5275
1298
9199
3566
2552
4332
7455
8788
347
4418
9006
2366
5067
2160
8719
1053
7260
4632
4856
6539
3903
8571
1663
2625
5072
6983
673
2091
3905
6267
4353
2277
5779
9608
3688
8466
5658
9231
4739
5530
6188
9770
4447
3244
9225
2938
2949
9400
4281
6803
6713
8251
2919
6386
3393
6515
5650
5011
4510
8989
6445
4006
6851
9144
2608
875
6464
4293
2528
6855
3962
4366
9245
6334
7834
3717
5108
7848
9896
4188
2699
7629
9293
7971
7924
7477
4922
7438
4166
984
596
2152
1959
2741
7396
7483
8923
8769
2960
2670
3785
4261
9130
2791
9760
7641
9702
9375
5705
7899
7423
9658
345
2070
1851
8153
2140
5058
5551
4871
7950
5261
3388
1334
3488
9251
8358
2181
1931
6037
5041
4905
2380
9788
896
8286
264
8445
3309
8521
4237
3409
8632
2871
8641
1625
8588
7183
1852
1335
1119
2944
1396
1658
1099
5572
9003
9534
3673
6860
4566
5023
15
9914
4458
6819
8742
7000
5310
967
7834
1069
2272
5224
3714
6987
8332
8918
274
7724
6365
1612
227
194
7931
3891
7942
2069
2225
9264
9951
2132
6350
1193
4891
7187
7015
8527
9521
4585
9121
8747
5001
4789
2589
2376
170
4005
6560
6403
870
4400
1165
6681
8522
1513
3873
4936
5370
8814
6998
9408
2992
7643
3791
5178
4325
3675
7047
227
6119
298
1826
8971
1503
8706
9482
6546
8885
4918
5549
5173
6314
8931
3904
1055
3393
4191
3131
8324
4863
9517
3026
6365
3196
5622
2033
9608
8018
5042
8383
8928
6303
7741
4976
7314
6734
5301
785
4671
5903
701
9366
1535
8309
6684
6577
5254
611
8803
4093
9323
573
8441
3780
2871
1115
1017
4995
4391
3289
3248
6529
6462
8804
3045
7400
3555
1812
2452
9113
4634
7267
6849
6401
8750
1707
4470
5006
1245
5007
9048
6042
2990
1501
3168
9166
7559
8031
1452
7060
156
610
5629
4220
6131
8535
5764
1616
8055
6412
7177
7119
3387
8783
8367
2252
2566
9617
7209
4931
9488
5462
7234
2136
7578
8440
4870
4798
8014
4434
1854
6893
8978
3949
5647
4793
6950
1443
8194
578
68
3710
2850
5948
9991
9530
3958
4763
3008
8829
5761
2636
7145
262
2888
3792
5410
5110
3818
7175
5094
2902
8466
1335
5280
2316
6824
3896
8603
5289
8235
2598
1599
6624
6806
7453
4699
6135
4110
3640
5035
2316
5737
2463
3363
943
7862
886
7312
1207
1784
7467
8508
848
2338
5958
7655
3404
4885
2364
8817
3395
2189
6759
1214
8566
5880
225
9248
2231
2787
7581
4194
6133
4900
7062
452
6940
1236
4844
6291
9821
8480
9270
2781
8062
8338
3430
428
1924
7308
5956
8106
2387
1014
2276
1891
4323
8672
2411
3373
7197
5563
9520
6540
5115
6226
6801
3112
2325
4491
8440
3549
208
6120
8193
2221
5651
4471
2335
3758
4256
8820
9326
1655
368
7594
909
7888
4547
9016
1915
4864
3106
5909
116
9499
3507
8231
7735
594
1072
6376
697
6660
6100
7451
3470
8083
3067
6674
7161
33
9193
6989
862
5
9046
3992
6058
1471
8443
7308
5475
9907
2834
7342
6790
2500
1796
6441
9031
7756
1061
8090
7734
8083
542
7096
2088
421
9383
1170
7429
3239
3335
5639
3854
4857
7094
4030
4148
7489
4113
1726
8002
4687
8957
965
6783
4915
4541
3367
7653
3318
916
3722
7829
123
508
3307
6969
3186
9117
8458
2897
7616
6044
3170
2851
9684
1208
8076
3218
1010
7501
6993
8436
6829
4328
9695
9416
5656
153
9033
4339
1074
4682
8271
3255
5212
2187
8983
4928
8390
6248
5527
8593
6629
8525
4165
5698
4778
7688
8261
5409
3181
1543
2589
6801
9025
6778
5008
7310
607
320
9791
9948
9374
321
5694
8633
4983
5000
6436
641
9881
9604
951
865
4878
1143
3126
1851
4161
7861
8271
6030
1436
1044
3123
4031
4659
6671
8404
4190
5026
1120
5201
9629
9676
2048
4443
5180
9969
6440
9528
5404
2801
9777
6515
4964
7378
2869
2511
4393
5075
5029
5046
1957
3406
852
4228
1286
2076
1558
9951
1394
3969
2874
5278
8048
2560
1438
184
1664
3033
155
9399
3524
5100
6433
7292
6729
6991
9246
775
4039
3122
8162
6822
9783
3785
6382
4585
9496
110
5842
8078
1993
9031
2983
9510
344
304
9933
4900
1934
2742
919
7208
3956
9119
8669
5620
1484
239
9698
9995
43
1466
4357
9622
7826
9112
3748
5429
1568
6131
434
4697
2154
4369
8778
9362
2666
5336
8933
9859
7507
4103
4979
5227
4724
246
3839
7433
6901
4918
6623
532
2442
3214
6402
1409
4864
3531
9158
9702
6094
7089
4553
1163
9996
6964
6837
2575
2390
3113
875
5696
6646
1031
5742
1771
9354
9171
6405
6548
5357
2491
5141
6319
278
3592
7569
8203
1852
7523
6307
9802
3315
5349
34
9568
2403
4744
1594
6918
8690
3356
2042
313
4355
7428
3943
6712
7728
5617
9444
5642
9285
866
8964
684
4500
4536
9248
9423
2938
9563
1136
927
53
9591
4803
218
4040
9420
5577
6912
8931
1873
2862
3171
4362
8397
7532
6056
9822
1792
8867
7012
8807
3447
56
3354
4280
2606
7122
7710
9934
6637
4054
4135
1322
7818
315
7968
7713
1970
7051
3453
4187
1790
202
8653
7298
6916
7211
2753
5699
8023
3327
8208
1678
6613
1091
1169
2440
7914
4294
2206
3009
9678
4320
8416
698
2212
7105
9630
6192
2377
1874
3165
8442
1287
6425
2067
8917
1105
2361
8265
9316
5996
9508
8566
1485
2969
6816
7397
2035
953
4192
5064
5043
9626
5534
4125
1576
539
7949
2754
9023
3096
267
1981
8846
3045
7484
9829
5870
3258
3700
9031
4333
4201
7942
6532
2971
6382
3620
4805
3628
7780
421
1123
5535
7224
7264
2853
237
5164
7872
8942
6342
7038
8616
843
9008
7106
4923
9938
7590
4612
7541
4910
5889
715
1130
930
4136
9939
7419
1585
7034
4666
7422
2536
1416
4780
1881
2895
7320
4800
4344
5822
5203
4683
7058
6565
5599
1596
354
7743
2378
1985
6470
9194
6919
3566
2473
7317
2523
2583
6876
6107
3333
7700
8181
1919
6831
1854
2155
3543
6294
8286
778
1361
1438
3009
9580
8710
8754
2371
236
5313
7289
5791
1744
3789
2943
9918
7724
5154
8146
8071
7218
1024
5235
3277
1276
374
9108
3443
839
6618
2789
9616
576
29
5327
9322
8504
6639
481
1819
2547
1501
9506
7494
3729
2092
9600
4161
810
4999
4833
9137
4692
2642
693
4607
2826
919
6297
5931
5415
7912
8181
4233
2068
1461
1371
8784
7177
6965
5681
9893
4462
2847
471
948
6585
1923
4042
6398
790
6000
2682
9813
3309
9645
8814
2285
841
4566
5371
4718
877
4893
120
7663
145
3642
6652
3398
4332
2995
6378
6203
1361
3099
8937
6081
5638
1772
6195
2895
4665
5874
1703
2422
3962
3201
1577
1083
8366
8955
7044
9586
5766
8638
4631
1000
7595
244
3315
4071
7988
3118
8775
8912
5264
4537
7340
7544
8368
2789
9231
7888
1557
5827
6141
4100
648
7220
1175
4186
5140
1458
5321
4831
6152
9313
920
1376
3979
1223
8078
4199
6034
6313
1007
5325
4452
3797
5541
6474
521
734
5175
6899
7481
7989
6547
1031
3717
5635
5697
8745
3391
5118
1263
2197
6990
7351
6833
1619
5989
2462
7099
5061
6608
1050
3847
8982
1901
7512
6314
9535
662
4842
919
1019
7638
4570
9632
1862
5087
6732
1434
6345
2864
338
3394
7965
9191
716
2463
2064
3694
7878
6113
6315
2495
2314
739
7243
8350
882
8231
4135
1779
8148
7733
6437
7081
4013
1787
4827
903
7651
9004
4625
6173
1466
9260
7886
7163
4050
9038
6916
3146
9339
3472
6588
1759
6145
86
3794
5743
9240
7671
1059
8349
5187
9348
7611
5348
7658
7372
8207
1005
8612
7932
2064
1223
534
4976
3481
6512
606
154
1982
2192
2910
3289
6117
9402
9813
9810
4422
4258
5509
2137
506
9751
2795
1725
3308
2394
2269
1607
4032
947
9779
6276
4369
1755
3263
3192
9680
4278
554
7484
4180
1197
3667
4227
3946
1803
8348
4990
6
9101
3882
2065
7413
6040
1729
4239
5234
4633
5998
543
5877
2739
8456
276
6779
4429
3154
5154
4289
9414
1214
5041
8296
8096
5752
4652
1666
9206
3375
6155
744
9923
9520
8633
4457
9739
6236
7012
3258
5156
8316
1122
6211
8332
9219
1072
9057
9542
72
4118
6062
5360
5887
3542
1366
1509
6783
5724
5068
5641
8586
3037
4902
7788
4100
187
1330
1005
6524
551
4368
5859
3410
8157
1452
285
9230
5281
913
8040
9975
1420
6503
6546
7108
5396
6311
7316
7363
2682
3324
5339
8598
2878
4819
1890
1472
9448
3466
5729
5746
8323
3967
6978
4633
5276
6607
6210
9971
2260
5588
8025
1830
7058
1083
9865
6304
1266
4266
2190
565
6263
2559
2748
273
4116
3728
3593
6077
970
3128
263
1673
9775
3033
8284
8538
9554
7310
7378
5232
5960
202
3010
3194
4830
2287
9075
7612
3512
2182
925
3109
9820
6191
4112
850
877
7884
5221
9043
1346
1060
6008
8248
1954
3714
7583
2630
2943
6616
9799
1600
3588
3221
327
5729
4278
4013
1101
2035
7211
2391
5673
826
8205
2344
9178
1044
4644
1188
379
2581
511
5883
2184
666
7430
1809
251
1795
8698
342
7534
1867
2256
5284
4495
5050
2313
67
6724
1162
8010
5737
7995
45
1338
4133
6642
7240
5811
4603
3168
2795
495
6060
5316
3500
3726
7957
870
4566
1082
7138
8285
5079
3913
2035
7743
2020
7751
6413
6741
3866
1838
4767
8037
1110
3467
1121
3347
1955
8090
6062
4364
8445
6436
7373
6561
5513
1998
4590
1076
7421
6809
7218
2592
6059
7088
9930
4968
175
4774
1174
8142
6191
4992
7044
9355
15
8473
3454
8571
5316
3328
132
439
200
5145
2702
8500
5667
7160
4866
8043
7584
5520
3528
3115
7947
8353
6257
5297
600
7865
2319
7282
4796
2032
6656
8043
6003
4783
1901
923
1330
4854
2809
9788
7668
866
7038
1455
4161
1351
9395
7671
8848
1971
5153
3862
5523
5863
757
8649
8875
5389
1166
3503
5607
3580
638
8651
5549
7607
7828
7832
1226
1458
5872
6347
1241
3877
5232
6055
3676
7992
9811
659
6646
9605
9731
1618
810
3130
6049
7702
8903
1262
4858
1569
6456
3867
8101
3682
1472
4365
7553
667
4513
9748
8383
405
1774
6803
3331
1438
5771
4643
3368
699
557
9422
6625
8910
1826
2668
6857
369
6977
4165
4898
7360
582
1562
640
7287
4661
7843
6107
5438
3171
1031
3185
237
2158
4349
8569
3019
6599
8212
7270
4071
1668
5874
3625
4799
3006
5366
6780
1999
2880
4896
8353
2263
8674
8503
5050
9922
4782
8074
339
5288
8645
825
1887
2542
2425
2720
9084
4869
5602
626
7515
2289
3052
8106
9664
7315
6421
1627
2821
4637
1795
8191
3890
1287
8505
6105
7472
3706
6418
2217
7259
3835
1540
6345
7973
1214
9177
437
5692
2952
2984
6027
4880
8411
9427
8328
9253
7417
6038
7841
486
1772
8007
780
5165
6004
9534
962
6185
7237
5074
3175
9263
1242
8303
7294
5032
4597
3586
7770
444
9650
1910
1506
9941
460
603
992
5890
4384
8017
3010
2254
8741
7878
7243
8706
373
6285
6200
2067
1953
1207
6640
6237
6347
1526
7360
1919
7291
6470
4536
1453
6838
4078
3164
918
9621
189
2340
3786
2178
3309
4394
5371
5971
7114
4778
1477
3754
1817
6170
3222
2218
9305
8035
3898
8092
3457
221
1558
4894
6869
9781
5439
2350
7884
8464
5729
1086
9340
9109
9415
1509
7393
7187
7253
9224
4313
8623
1608
1286
3897
8406
6417
5643
444
96
2311
3322
8698
1796
1809
9130
9327
7170
3574
3058
1320
4033
5665
8221
5679
9769
2468
4718
420
9111
8128
2183
2757
2737
3366
1605
6921
7095
2731
7012
9313
3460
1355
4656
7232
5706
3679
2955
5514
3398
2803
2102
8772
74
18
6740
3313
3329
6866
5399
5061
6406
386
991
9135
9621
1102
2835
3463
6675
2915
6454
8009
5251
6495
4612
3800
452
1062
4701
3411
8211
3020
6515
8800
9320
1653
3410
4208
7134
2524
3867
1642
9371
4841
9385
7493
8592
1022
4690
3932
6876
9314
5808
3741
3733
9836
3645
9293
9174
9463
2593
1878
6750
8561
5981
451
3069
2375
9557
5436
4389
9490
1851
5322
9569
8595
3595
276
4355
8685
8762
8106
5951
5205
9604
9851
6893
8163
6927
2301
683
8537
2911
8049
6405
3236
5976
4491
5403
6603
3026
5852
8172
2975
8657
3105
2967
3142
7386
6106
6882
4708
2864
5655
5613
7480
3489
4283
7883
6124
9481
3593
7453
2162
2911
3901
7776
8099
1731
4331
8021
6006
2099
6566
6412
6612
823
1302
7139
1821
6023
1660
7008
6865
5628
9522
1971
736
242
7164
5871
1147
1537
9219
7082
4414
405
5598
2058
7646
3492
9503
5712
5509
6869
1050
3015
5219
995
1804
9335
4329
5544
957
5780
4431
9643
6784
3130
6462
3595
7165
6010
3782
6246
2580
4383
8437
2640
7801
5521
5554
2370
2986
3567
1424
2076
1018
2733
6553
2476
3509
4680
6178
1542
7952
2258
8739
3778
4926
7688
5035
5973
3353
5538
8467
5682
8314
9524
5475
5715
1705
8594
9326
2919
3342
9356
8769
5764
4430
4898
4903
3687
7779
5525
6474
2935
3286
7002
4270
2666
5573
5022
1299
7388
4154
7361
785
393
4426
6268
1065
1616
8999
9896
3911
6158
874
7322
1390
1859
5168
9134
8345
6896
8328
7959
1264
6114
9698
9451
5583
4201
4851
7136
8702
350
148
3421
7784
4545
4888
384
9869
5673
3859
1396
5745
3114
4640
9297
5374
5745
8953
7357
2977
9305
6477
2526
8816
4241
1273
7068
2540
8331
8290
750
9824
551
2181
6691
4755
8974
2601
87
3319
8848
2067
7641
8777
958
9545
8319
5630
9781
7410
6967
2531
7367
4423
9170
659
6994
4216
485
5055
5091
4639
5187
1058
7627
2588
4786
5101
8998
847
8266
3231
3974
6582
6959
2822
4200
6689
3278
1934
917
178
1301
4332
224
3516
2847
2335
3446
1670
2200
9738
5832
4790
6670
4500
2093
8637
5676
2972
1778
4519
6144
3968
1974
2787
3429
1703
8498
5540
9737
8569
6749
7350
4167
3311
9777
7749
9147
9241
6909
9191
3380
2331
5237
2025
2496
2744
6995
8706
561
2741
2992
4616
4126
5497
7058
2845
5033
1944
7322
3429
4383
5879
8857
1785
3271
8990
4424
3459
7768
417
3609
215
9765
6600
560
7353
3130
3200
5375
4034
7422
1437
8470
7096
4210
5132
6393
2957
4572
939
794
2647
4708
1881
8821
177
724
2476
4463
10
7798
3072
3452
5479
7955
4613
1082
4822
2078
9775
1550
1731
8422
9361
666
5785
5019
9847
7739
5014
2204
5619
1529
4504
7097
6704
3050
3249
2033
8070
5793
7778
4915
6158
9068
9680
7659
9892
4000
3030
7275
1773
2038
4054
598
9313
4921
6323
5692
3468
3150
3193
8444
3560
1522
4494
9547
5296
2963
9088
8057
5409
7599
1080
3459
1149
9298
5973
1975
441
2681
559
1325
7577
5432
9377
92
5155
1094
4334
2790
3402
3385
3273
1589
9964
4929
6459
5688
6829
5942
8542
4021
9109
7633
6705
2936
7791
7396
4696
863
4602
4403
6328
7673
9225
3604
8483
6273
6678
8161
8882
8633
1408
3823
3265
6324
589
4013
7185
8169
4393
4431
4405
9812
3886
3468
221
2923
4611
1916
5671
1396
816
8592
4228
8072
4764
5244
7327
5309
4551
3540
1425
7609
9217
9882
3654
8507
1222
5409
848
3967
3066
7960
9166
5672
4759
5462
6799
2183
6453
5578
4972
2751
36
1010
4358
533
4948
3058
3149
2198
9222
5996
5672
4444
3263
3382
1056
9087
5279
893
7735
654
3990
4319
324
2098
8922
7132
6269
7230
3452
9191
9423
1902
2746
830
4511
8896
9750
1246
2792
6761
8174
8763
6354
6143
8211
3309
2104
7261
9472
6074
1420
7571
598
117
2010
5504
4322
7962
2665
7210
803
5574
2130
3377
5866
971
3968
4561
513
3203
7652
2861
5622
7099
4715
8309
1887
5169
8391
4547
9814
2408
3654
8370
8987
3736
7710
6275
4613
7143
4199
9736
2149
8723
3852
5200
6149
190
6947
5583
9834
11
4385
4106
8355
4745
2112
5578
1428
9884
6147
3554
7427
4953
8808
5689
3999
5958
8336
2476
8688
3057
5061
8842
9016
8175
2827
6861
1737
9790
4078
4633
8479
9070
2811
1338
5475
5601
8849
3770
6415
6736
2073
7780
1166
2838
4057
4575
8765
5857
8285
2308
2945
8061
6411
7698
600
8841
2831
3458
9685
2258
6194
5481
4420
1099
2397
7583
3072
885
1276
1723
733
5303
1491
1259
5673
8801
1683
2228
310
7577
2824
9272
3045
2155
2599
6793
7773
9073
6919
1993
4486
9120
9191
5813
8513
9967
372
6523
7328
8989
504
1727
5628
6116
8408
8667
6182
4160
6179
1478
1135
1962
107
383
7369
6120
7135
861
885
7900
8424
2619
9131
5435
3071
6414
6954
9012
5398
2196
1429
6449
1928
4830
6099
8354
7108
3037
6031
9078
8030
2655
1231
5741
2582
7904
7072
8254
7495
7735
1510
2755
833
5364
5484
3924
1457
2537
3384
596
8254
595
6595
1312
3641
4334
5857
3989
4700
6953
3823
9883
1884
8906
6516
3585
4386
7782
485
1260
5883
8706
5587
8085
8315
9676
5897
4393
6790
6190
7696
2337
5683
6085
3904
3241
4490
3942
9818
5398
1195
3452
417
2937
4405
2453
5732
2617
2791
5880
7644
8698
5956
6903
747
9924
768
3411
4505
2289
6798
3096
5340
3739
7899
5114
337
6327
5181
3026
7936
8780
1321
2045
2619
4097
2007
94
1645
8934
887
9332
1334
8999
2472
145
3391
3016
8140
1251
7723
453
4524
1980
8956
9530
5651
4634
5315
3058
9557
5269
2409
445
43
7274
3599
6834
6380
1971
2962
4879
8811
151
2296
6280
9954
8875
3547
1910
2318
7632
4948
6350
9001
7526
2121
2221
650
4059
3272
1225
3496
7207
667
4258
4284
7117
6275
2152
7156
9467
8992
5817
2393
4357
4948
9605
3604
1117
2408
4414
2819
6611
682
6378
9429
1016
9729
7033
6898
507
171
3635
9043
7745
9013
6382
621
8318
3625
8081
9849
4287
4645
9711
3195
4112
1197
3521
5839
9172
1225
3636
3220
9469
7535
2488
4613
1992
6869
3192
368
7749
1401
1315
2179
2403
7005
6817
5857
77
1306
7160
103
8338
4087
5357
9337
5308
5174
5393
6238
1793
6186
3346
6736
4038
7994
6983
5106
2721
9762
9561
5542
308
5238
8448
1183
5560
3705
7734
6087
5259
8972
5924
3931
1438
306
9635
2792
6121
9346
385
9167
6729
9155
4712
9794
794
400
2169
4770
2862
5228
6558
9276
6360
8782
3220
4540
7563
8434
3207
8004
1315
5538
8135
257
938
7716
3954
9003
5367
5778
2155
6526
1718
7974
5271
7067
1546
1416
1917
4061
3099
7000
9831
8647
7562
94
642
467
3811
5840
4190
5869
5300
1667
3395
6564
6717
3328
4814
7815
5599
7078
7712
3992
5101
8828
9432
2013
6181
7341
6253
3389
4655
2252
2692
1131
3513
9890
2367
2973
7677
2153
2342
9299
7568
868
2634
7304
7605
5162
8627
8571
586
2771
1249
7132
2603
6327
9710
1329
5726
8996
4523
8306
9461
8854
8915
4470
3702
7575
1439
7812
8769
4178
7533
6901
7243
6928
9031
9738
3774
5810
1008
8235
9893
9060
1428
3166
8407
4369
8338
2670
9996
3848
8890
9374
1028
838
4161
7386
9020
5779
4054
3061
3789
9364
4707
4418
3737
7251
2018
2801
2302
136
8307
5666
461
1226
3536
5759
3807
686
148
3700
7921
7401
7981
8435
9828
9769
3931
1265
2107
2122
6599
1733
5694
5540
257
8832
5850
4505
2707
3376
6433
6732
6643
9803
7154
5240
1165
8752
3672
9763
2827
275
3438
6720
90
7619
8435
109
912
5140
6620
8014
6759
5397
526
2426
4720
1629
6011
9564
3654
4354
6594
5438
1700
4163
3169
2188
6668
9354
2838
9045
4623
5800
747
4758
9083
2719
9664
941
941
1427
7786
8245
6860
9396
323
4112
5129
2441
9947
5211
5308
1832
5262
1724
4687
9829
9021
668
4629
8272
2237
7781
784
1687
9855
4702
3323
5967
639
7268
5612
8314
8820
3152
607
7908
7957
4473
1387
3483
5305
4817
4543
9011
206
8505
6251
7460
4041
5085
8898
5190
7300
6601
3539
2196
9423
478
2670
2301
3555
8600
4416
2562
5425
7547
6684
6411
489
9643
8257
3157
9967
5278
6839
7703
1526
8404
9217
730
7786
1458
4448
4344
7058
8404
2839
6329
9708
794
7140
6554
6068
6827
7851
6223
2631
7293
8439
4423
3932
5310
7820
5742
6179
1464
7624
4134
7667
402
8733
9790
1649
9371
1898
769
8752
7093
3279
4564
4726
1204
9899
5957
4325
3467
8105
4489
4071
948
3669
3627
3345
811
4672
5570
8085
1588
152
2176
8128
5386
9308
6895
5262
6188
8724
4646
4346
7692
3001
1260
1499
5683
2733
4600
3684
8893
2034
4020
5336
2171
7048
2171
3177
8020
9354
4771
5279
9726
2604
588
3531
62
5250
4802
1094
7387
2857
4022
8978
2004
476
8617
7811
477
4064
8805
6814
6326
339
9674
8628
9772
4481
5849
5378
3829
8265
4395
8072
1050
3411
6781
445
5848
8810
5701
5424
6658
6886
1831
156
2813
9815
1318
8637
2889
1108
1611
7911
2803
2272
3910
3836
9749
5711
5272
9443
4960
1305
7885
9094
4752
7743
284
7950
3266
3324
6185
8025
7108
2127
8838
335
4582
2255
680
7268
5934
3138
5714
1814
3761
558
9709
3564
2458
4168
1526
7878
7795
1265
2402
2781
2162
2580
2015
2883
1162
4179
9112
4760
1093
5356
9459
3719
9614
1748
378
2374
4171
9477
7943
2063
3901
7588
2158
7687
7916
7433
3217
3501
629
2439
9025
2261
2308
7579
5611
6325
1577
3335
1898
5950
8428
7933
7753
2160
889
9886
547
5030
8882
1503
1835
8835
4856
2449
1602
2141
5090
1681
3950
2417
5357
2620
2248
3649
5001
625
4334
9281
3253
1989
6146
588
4065
6627
6517
1179
3145
5663
4841
3079
8694
5968
5980
7247
24
6876
2289
931
7126
9901
8077
7447
8364
1301
2209
3475
5026
6636
6330
9513
4088
2331
514
4789
7326
5095
677
5319
8268
1357
5303
7311
6229
4928
8093
5834
3376
7815
7554
5803
4013
764
5786
4974
528
8274
3101
5073
1444
8538
6417
4226
5849
1388
6205
1692
4238
496
815
1660
3536
7335
5801
1586
2830
5875
3402
3379
7620
4328
6018
185
7084
8498
7985
9294
7354
2880
5521
2679
1423
3029
4844
7978
4950
8907
3679
7217
7825
6730
9686
4905
4646
164
5136
9784
4580
1168
7806
2012
1240
7927
2582
9472
8712
3621
4633
3084
8461
9779
5706
8852
13
7716
1595
6741
9850
2003
8803
6374
2593
900
484
5029
2521
2819
5061
5026
9198
223
2703
2766
3477
6762
1919
3205
6504
9376
1209
1176
6399
7954
478
1972
7669
3640
3080
132
3473
4016
6308
6760
4889
9061
2640
6008
4015
4908
314
4778
3062
4062
4095
6700
9103
8245
4065
5232
8143
8724
3752
2174
4859
6478
2960
5021
3601
7084
1267
8854
563
7498
3866
2807
155
2777
9341
8255
1960
1795
6919
4766
7764
3102
8862
1660
7807
6733
8303
4942
2561
5983
9277
7425
8
8670
6824
7270
8413
1971
245
6564
6474
8196
4161
1203
8793
1903
3127
9473
5898
6611
9518
5761
1987
3466
4433
2185
5686
3299
9391
877
2908
1448
8448
2910
5320
7394
7213
5055
1201
4012
3336
9353
264
2124
1516
8192
5777
1230
8850
2793
5484
2928
6608
5381
238
905
1422
5603
924
5054
2319
3138
1050
4548
8294
6610
5676
1100
8656
9563
7554
7528
2158
8448
1880
7458
6535
7893
578
587
6921
943
5020
4483
7699
4158
9709
6898
3962
3759
9694
1668
3442
3572
7366
6021
9140
9466
9754
2536
2622
2788
1451
9295
5116
882
8203
5141
2345
7139
7804
6178
5852
4676
3031
6110
7212
4291
9793
9622
2154
5597
9661
8094
9334
8045
811
9298
521
5666
6393
1176
9531
9742
394
947
3241
6177
6095
4120
4949
2818
9511
8021
2066
102
1752
2185
8004
3242
2386
8423
4482
1490
5413
939
1963
6732
4559
444
1542
4250
4847
5214
5906
6672
9074
5696
8367
694
9320
4370
5025
9809
2588
5134
2702
2631
9259
7015
5234
6661
8320
6015
9392
3901
9841
5401
9969
8579
1705
7899
6094
5227
1534
5948
2349
5406
5714
8836
1130
1287
1621
6920
6872
8556
9940
4919
9024
9442
1180
4878
3111
9955
822
6822
3816
9394
9552
8167
353
6739
4959
2193
8824
129
5081
9441
2921
8802
4189
5167
788
6615
7051
6263
1878
5255
487
3398
3865
9574
1790
7882
1499
6004
4262
6209
1134
446
472
4321
8915
4332
3462
5338
4071
7549
5296
1903
1124
1529
574
6733
9688
8011
1085
3052
5463
5520
8894
6546
1882
4737
7729
4968
2856
9304
2756
463
7985
9516
7925
3888
3180
6149
9108
2159
5612
5126
3561
7988
4135
9441
5112
2485
7663
6303
9281
8984
3203
2374
9570
3150
3760
3040
6011
4804
3980
5013
3839
4136
6662
5178
5911
5791
5043
4805
5086
4814
4586
692
1260
9955
5332
6076
1840
2076
5042
8426
7445
4212
3758
9833
7676
4846
1372
3273
399
2324
688
5184
4233
1852
3266
3012
2591
7349
7556
3322
7192
1000
3581
5707
3433
351
8163
392
9053
5559
1743
8353
3369
7485
470
1396
9205
8141
6111
9175
9681
110
4082
7660
4388
5893
8379
4206
1417
4509
2101
2553
6542
9706
5804
5323
4090
9117
7974
4088
3509
5515
1576
9168
2527
9857
5234
2206
7186
5406
6971
3061
245
2680
5076
9661
8102
9848
6806
9279
3979
7598
3235
7615
7904
5833
2663
2355
1033
1290
466
2459
7376
6573
103
946
7290
2329
7305
4434
8418
732
1873
2739
8476
5748
4141
2154
2443
8455
1472
7912
9067
7947
2682
5117
2919
2739
5539
3164
8981
8814
1837
9688
1319
7423
7975
7949
9420
1087
7551
9098
668
9875
2487
3729
4238
2656
3032
2857
5328
7902
4370
8252
9840
1096
2589
7941
2362
1405
4809
4157
886
4281
8632
7472
4298
3013
433
5012
3372
6086
2524
350
9850
3613
2803
7445
8630
7883
9647
3470
1104
6488
5977
6502
1822
9874
8543
1449
5494
5381
4610
6930
2770
2945
1039
9229
20
5211
6802
135
6032
9273
2929
3213
3305
7237
3068
5658
2492
5900
1006
1233
4965
7060
3633
165
2885
8757
6704
3073
1044
824
2008
1821
6093
4566
7079
4627
9626
5015
3847
9650
4983
8026
9511
4574
7611
9798
786
5410
717
3140
996
3809
4246
1967
2363
8182
6360
8463
8517
211
9330
2250
7454
6754
5588
8742
2334
2460
1283
9149
4887
9551
1396
6262
7147
6732
5946
7856
904
1933
8397
3261
2137
3348
9660
1002
487
7142
2279
9358
2888
1633
975
1923
9542
2116
4544
8710
2750
3786
4061
4541
181
3462
2555
8442
8746
7862
5424
650
8426
3851
6365
192
6914
9853
861
5629
3562
8208
6762
6488
2771
5788
7205
4868
770
7042
7900
3393
7743
2438
6763
1976
5359
6003
577
5037
4349
8361
9699
4443
9661
9831
9112
6357
7382
5546
6091
7006
6951
6031
4738
5974
5130
3972
3098
357
1297
4514
6808
4272
3786
6663
8327
2008
5603
8593
1931
2879
685
6698
2955
5689
1228
9515
7439
1562
6597
5627
9885
6846
1818
1496
6500
2875
7191
6667
8033
3644
3265
4799
6267
4746
4755
2306
7306
5950
7275
8150
3582
5640
1518
9784
4855
7872
2616
4990
5579
1324
1106
6387
3218
2956
4419
5977
9123
5393
2159
5558
9177
8100
2721
3525
5881
3169
8083
7622
9077
8763
4115
4133
9077
2244
5343
9244
7942
4858
3371
5138
3668
6010
3577
9394
831
7523
9710
9054
6950
5451
4686
6119
6272
6938
5562
9977
3519
2617
6706
775
5428
1510
2091
6481
8132
9827
7768
9990
3249
3647
7125
8534
4963
5423
2302
1636
2556
2490
2317
8846
7894
2417
3499
8269
8272
8916
732
9099
9574
7506
3208
7572
8974
6061
2228
8670
9253
3731
3750
2647
4197
514
3346
7166
3451
277
1708
2020
5535
5367
4905
6933
1789
9812
4180
2306
6975
895
436
7033
5847
6496
1433
4951
553
5189
5097
4803
4203
3694
8683
9357
4432
8908
1450
2682
5978
2248
7765
6766
491
62
8043
2050
7978
1492
650
8899
7024
5202
4357
1989
7969
325
1786
8644
7956
4677
5692
4817
1008
5811
6516
9033
4397
5612
4735
4555
5710
3587
2687
6392
1208
6951
7580
1293
7295
333
6179
9402
4224
462
6396
4829
6388
6828
1813
4628
7968
4065
3493
632
4486
882
8322
1553
1827
236
4444
4907
5506
441
458
4607
4745
1424
6746
7928
5649
9047
2767
6372
8298
1632
5293
6832
4537
4377
4144
6977
474
3028
8107
2233
8188
6629
3393
1868
6861
7911
5905
8424
5240
5224
5910
116
7040
2885
7584
4428
3450
6154
3404
8364
2519
5698
4428
1346
6273
5503
9438
3007
531
9109
4894
2913
636
1873
5247
7137
1558
5155
9473
7127
9597
5264
753
9517
4798
5672
4275
200
9669
4059
7238
136
328
4724
1181
460
3014
4000
3561
3727
3137
7757
9193
1936
8134
9864
7196
867
1813
6382
9060
9954
7882
4705
4055
6818
1743
290
1209
1252
6271
4158
7479
3187
7124
5718
7469
7965
4719
1073
7381
8896
726
6711
6451
9844
2107
9511
7948
1751
9962
5325
9507
8752
9907
4789
8456
8212
3470
665
2551
5018
4001
6943
9675
4538
212
9305
6203
5150
2711
1378
3508
6897
4509
3607
9161
7140
4403
3503
1403
3355
6817
8526
5603
4048
9502
4494
2771
4823
1234
6309
1963
2172
7419
3569
1300
3390
1470
2128
8626
5502
9100
9314
2981
4747
7993
8717
3904
1261
4671
1701
7034
8092
7090
3813
1023
1547
9326
4951
4159
1779
5556
797
4778
7947
9807
9406
9501
5565
6928
3979
4061
4422
3690
1806
7078
9547
8012
1321
9720
2424
9569
9649
2782
7669
6661
4690
9541
2060
6393
4059
2603
9804
7864
6547
4678
8155
5715
5278
525
9462
6571
1231
6987
4181
2491
1740
2282
2995
6400
2909
6607
6788
1505
5759
6172
6923
1914
9287
4265
9013
7620
327
4642
3362
7414
9845
2022
412
2299
9983
8322
240
9397
9932
8487
9221
96
5200
5280
5640
4138
1349
8376
9220
2631
1887
4701
4265
3203
709
3942
9248
199
3127
3026
2698
5391
4697
3432
7034
817
2676
6494
1073
290
3769
5752
5194
2757
9234
2807
7742
6712
371
7014
8252
4567
4523
9151
8543
8263
8774
904
8399
1719
6675
3495
1352
2069
9613
5349
2800
4981
4650
7915
5596
5207
6743
4867
2231
7350
1336
161
4840
9720
8219
5396
5355
2150
7535
8729
294
8013
264
6609
2262
821
2119
3560
824
1263
5300
6557
8490
9446
4396
3768
7994
4319
4961
3575
8776
7753
9573
4152
9331
8833
9774
6603
8207
7771
1997
9260
9742
4371
2665
8842
9388
3819
2993
2
4539
9673
4136
8220
2837
8706
2061
6117
8638
3178
7260
4342
3067
316
2287
884
5801
6717
9815
5735
3866
8260
8099
2379
7970
4865
7053
5265
7619
4119
6526
123
8207
6659
6872
6253
5522
9381
5577
1472
5541
4654
9767
8684
292
2555
6095
7949
7324
8446
8292
1919
3452
5967
1191
1268
8377
5282
4167
9723
7504
7177
82
649
3427
426
6880
6879
8685
7642
3426
2946
355
3074
3646
5805
5247
184
8643
3504
4199
3938
3485
8767
7717
6314
7726
6317
732
3678
5441
4453
5419
4537
4833
3396
3941
6576
9021
8719
1430
226
690
9394
1639
4185
5337
2745
9046
7388
719
7696
4991
8632
7752
7012
2049
1612
1940
8595
9108
670
4359
3124
2308
7259
476
4358
5984
2323
7664
921
6299
9549
4957
4658
5343
5427
2674
6789
2058
5032
9762
976
5039
8871
9159
750
2989
3027
727
2727
6560
6333
5713
876
4048
4350
9285
1592
3018
7590
4070
523
8007
1831
5396
4453
7046
7932
7995
3981
6015
780
5075
7877
6399
8940
4954
6146
2800
9719
4006
1696
5425
6825
8561
3767
7900
6968
9760
7423
3027
4774
1888
7841
877
354
5242
1026
4384
9416
6935
2697
703
3120
3107
1380
1899
8028
3349
2394
4853
7701
6633
2874
6740
2811
5050
2436
1684
2373
7173
1462
8780
3275
9855
5994
288
873
5660
3852
6765
6340
9371
8069
8334
8519
1357
5951
33
9941
509
5696
4526
4309
772
4081
2867
9270
4592
1373
41
8718
3154
1444
7861
4293
7569
9144
9697
7564
2162
1331
4667
4201
2074
2521
4715
5968
6677
6726
9933
3522
9071
3377
3728
2086
7290
7229
7398
5515
3145
7593
4355
7671
8318
4201
5838
3809
3838
1035
7956
2977
4628
3454
9146
3737
9916
5169
6489
3425
8196
1512
9732
6236
3091
2728
4615
8455
3309
5641
9937
3008
8306
6933
8870
1914
5110
5159
7134
4769
3146
2243
8589
1676
6080
9983
7268
3581
8007
9879
6153
2236
697
1107
6361
2789
4369
3046
5144
146
5586
7931
3543
5710
3332
2064
4431
2260
2112
4742
4175
8668
2331
8698
9973
5777
3904
510
7485
3798
2236
9251
5998
4001
8247
1599
1172
6327
951
6695
4725
523
8235
2511
2956
7866
3469
4686
2332
7060
6674
4162
9058
6594
9759
2082
5927
6621
8661
7406
5355
247
7848
3884
3662
660
6296
5287
3623
5450
7484
1939
7071
3219
3601
3233
2076
7249
6828
4006
6729
9754
9870
9113
695
9276
7470
2626
7253
2977
9216
794
5553
3949
9772
4290
6100
2162
6573
8732
9942
5214
6123
3304
5375
2993
9479
6742
848
3588
2227
1965
911
6338
6941
9486
7590
9033
7273
2099
7590
3413
6283
1504
3474
5297
5088
6234
1162
2643
6878
9239
2594
2590
2669
3265
1285
9677
6074
886
9786
5299
6599
4577
5356
8055
7838
141
9392
3163
7154
8091
8008
7805
9173
8841
2788
9664
6276
9567
5297
5222
4318
9769
3750
5856
6539
9812
383
4264
2847
3321
6399
963
2102
1047
1231
2545
7444
2440
4338
4318
6493
6939
7896
1057
2160
6753
161
741
4843
6571
1947
9725
101
4575
5870
478
2286
1040
1947
5073
5507
3425
9724
2967
3550
880
6170
1184
8492
634
4436
8951
8596
215
5578
6828
3631
5665
4629
9995
2252
9585
495
8192
3417
8790
5913
8533
7826
9394
7085
8698
7455
6939
2474
2233
2499
7522
1273
6680
5638
7988
9536
7891
8149
7141
8918
2702
3747
2261
3976
4215
7953
3148
1748
8891
3720
2824
145
4255
6298
4934
6926
7021
7987
7579
1338
4123
9440
5471
4640
2833
5747
2806
2420
2563
8820
1542
8847
7243
5576
123
7730
5875
5286
8098
4330
431
9973
2276
8552
7724
2802
7247
3546
6474
7382
9174
471
6985
4023
5127
3868
7498
2418
6899
4666
1228
3561
5474
2449
9582
7750
2862
2931
8524
4869
8265
6290
570
2541
3078
8066
7490
6506
5495
550
3074
2893
176
9998
376
7623
6517
1281
8707
8414
1024
9628
324
109
1761
6207
9133
4766
3671
3254
1403
3368
5065
5049
4142
1945
2161
3213
9526
3742
2746
7446
1159
9937
6679
2995
9758
9026
5785
861
9588
9785
8255
7040
9148
7582
8067
8142
5447
8937
4926
2830
9979
2871
2253
5683
6221
3840
4261
8956
128
4421
3658
6206
9410
994
3377
7427
6448
8612
4390
2765
6556
429
3912
7052
3134
9532
1133
4833
718
6150
8711
8311
4472
3582
2473
3379
7803
4602
4604
1878
5742
7792
5948
7384
7033
64
7148
4244
7318
5547
1451
5476
6163
7308
5955
2368
7430
3097
7212
5719
9167
3608
345
3829
6516
7928
6407
1503
7869
5733
8761
3653
399
4275
1583
9033
719
2663
7166
4323
3990
3441
7105
2955
1403
9817
7485
3765
6
9095
2428
185
6944
4205
9556
7159
3994
4381
6084
5951
8121
3921
9176
1151
6031
3503
7778
1563
9575
7112
7429
6554
9639
2967
8216
3227
3913
3766
3445
7539
3980
8716
407
382
173
9172
4999
8659
4653
2828
7386
1803
1994
1934
4780
7911
9679
9313
1158
1768
1439
1654
124
5110
2074
8060
7485
7702
1052
226
239
7297
3545
6749
7556
9836
7916
2318
3055
5564
1031
6343
386
5660
893
5249
3675
2906
1559
9005
5339
9024
6682
9224
9062
3330
7859
8631
3897
8714
328
3179
1060
7970
3059
7048
2480
5226
1987
5437
9527
9967
4014
6566
6429
4716
2674
2663
8214
5351
948
1336
7816
9338
1339
4262
2665
5766
995
6678
410
7543
6165
820
8044
8439
7160
9708
8990
2734
9520
7376
8614
3819
5889
6522
3520
3958
5497
358
3869
2765
1343
1360
5950
838
5191
3811
9717
815
4493
3761
5710
1669
5294
8573
7703
2369
8068
3060
5593
498
3713
2408
9646
7928
4818
5010
6595
1030
7472
4780
4909
6585
988
6729
4824
992
569
313
1096
1291
3313
674
4968
2412
1298
5790
4567
2809
2224
8709
3070
6276
8532
3063
5279
5616
6509
2844
6749
1632
7100
9099
1611
6967
3427
3877
9253
3740
7309
954
8748
9731
6689
4437
4351
5758
9414
5118
8494
7348
3248
6922
4642
1703
1305
9671
4162
4580
5266
842
4957
1874
1208
3269
2784
1000
1133
6962
4061
2442
1333
2742
8250
9701
1824
5904
355
7501
7483
6635
8155
8672
7106
2863
9211
768
922
109
866
7098
7383
5027
1676
355
8399
338
9190
591
6179
4592
5928
3209
5502
2628
9942
8601
3485
7135
5098
7802
9433
9069
8410
3805
8549
8337
4359
5119
621
4120
9746
6522
9915
854
2399
7518
2978
9352
4687
9845
4108
3456
4259
5359
3742
8066
749
1557
1550
1766
2907
2558
6551
3899
1722
3667
1568
8416
7364
6944
2785
4762
8276
4230
8209
2544
6977
5961
3212
133
5830
5842
8830
8949
1785
9090
1845
8774
5779
6084
7524
6572
2850
4559
5569
9259
3874
8329
1139
7493
5691
3480
7029
6290
3790
9802
8096
1007
2412
2978
2049
9698
9236
5009
9157
4881
6702
9681
7223
5212
491
7802
6242
6176
5359
626
2829
4382
8848
6850
4538
167
9237
9057
9540
9313
7817
1132
8399
1165
1831
6709
5044
6209
9791
7617
7866
5064
1212
8220
7180
9831
3947
9069
9452
754
2100
4385
7180
41
3188
2494
2561
4260
611
2753
8074
1618
397
8816
2705
6945
1343
4654
6507
1633
3142
7695
5403
9618
109
2215
6081
9394
6908
9527
3035
5066
5544
2583
3127
3976
6747
1755
7590
3325
3777
121
3021
831
7178
3362
4585
2306
2769
4712
1790
5399
3881
2577
2763
9917
154
1775
7015
9788
8497
7440
6402
9038
4752
7444
7226
7043
5685
1887
1341
6315
3781
1881
6450
8023
9270
6704
9878
3170
4106
1457
9323
9841
6512
6713
7596
7885
9013
555
4172
9284
206
3697
9538
9943
2985
3886
2902
3347
2305
6175
6726
4930
2127
975
7108
2635
2879
5915
6583
2155
592
8106
1984
8048
7410
3386
126
4638
3217
6372
6617
2918
216
2968
8558
8960
1329
1947
1222
3767
4454
6174
569
3296
4356
1876
979
6253
6415
6341
144
6285
572
7557
4035
7160
9283
9502
6380
4693
790
288
5337
4363
1667
8940
6426
9731
4028
1911
5673
2238
956
719
4196
9996
5930
8709
7095
2271
917
7017
6384
3443
6798
374
2274
9189
8019
8215
6158
7040
1842
6792
8311
6959
5482
5235
9376
5259
4208
3638
984
2432
1489
7657
3750
5638
3717
8264
180
3129
8391
2603
9642
7644
1747
9608
3934
8858
6820
4301
6985
1378
6962
1390
4743
8142
1612
5530
8495
7884
5883
4641
9123
591
8868
1062
9163
2853
3177
5272
9105
205
3601
141
7895
4160
9217
7744
1652
4705
7507
5325
552
6058
9022
4925
7715
3416
3046
4887
2557
6282
353
528
2783
928
5069
2325
1113
7411
1140
5150
9903
5650
4865
6968
2456
701
9084
1747
1298
3952
9882
4081
3120
9032
4406
3984
3822
8633
8744
2336
4739
7781
2307
1548
3430
6598
8573
1152
263
3025
353
8135
2669
8561
7450
2295
3702
457
7940
2184
2774
9765
8233
8714
8721
5050
1733
9168
3602
9054
1254
93
806
4633
8201
1780
3
7698
6972
7577
1678
8964
9103
4985
7359
3420
8026
9099
8917
6058
8042
4996
8346
2882
5486
7976
7034
2897
629
285
778
9147
412
342
2606
7727
7886
8080
8286
4671
9457
689
5784
9101
7797
8365
9570
4591
9513
6628
550
7181
1347
3264
4542
4957
8514
3564
3724
3058
382
9687
5945
8772
9499
7441
8981
625
8138
9163
3432
2124
899
2468
640
5283
3730
1651
527
4954
6268
474
8504
5556
2985
6667
2336
5710
6655
7137
2597
6731
5737
4904
9046
9279
7664
7404
7666
7467
8384
47
8380
7277
7711
1367
5259
3408
3059
6953
9230
2964
9235
4146
7899
8097
4665
526
3644
6640
4179
3764
7414
4545
2979
6487
1308
3471
73
6986
9651
560
4703
1431
251
8163
2552
8111
7775
4102
4825
2155
1866
921
5571
3654
511
1072
8189
9856
1042
1063
9263
1214
6758
155
4945
1177
6233
8101
2447
6240
1430
6972
1328
4524
839
2749
7974
4216
3960
1644
2010
2227
331
1066
958
185
5106
8955
8472
9762
8189
7233
3284
1177
6309
6685
3579
425
9547
2985
3022
2690
1511
720
51
8337
6811
4623
7488
4558
1862
2321
4772
9549
3734
2157
6358
9499
7579
8341
6768
7278
5286
4625
2131
9166
3264
8552
9572
2445
5678
5580
8733
9382
5046
3489
1063
5636
3788
2880
3238
990
8504
947
5660
8542
4668
6583
2536
7208
2474
2923
1509
3984
1907
9575
4337
5941
1876
6870
4839
4451
641
560
1415
2114
9453
3633
9516
7925
3881
9503
3622
7755
4483
6511
4116
2938
84
6390
1572
1779
5540
5496
1172
8060
458
4408
4066
2344
9500
9647
6016
6593
6272
2910
9579
9059
9376
8707
2654
3228
1698
5423
2515
3198
1268
2519
992
6754
3264
2931
1999
9034
6275
2634
8037
4431
5006
3198
3272
8111
3881
6765
4118
3141
1584
6822
3776
7366
9790
5086
4906
8838
5729
4893
6929
5104
7493
8371
5973
8385
1682
5519
7711
9443
4515
824
818
6845
4270
8838
184
667
408
2118
5711
5173
4022
8065
5246
6650
7918
9410
4802
6027
2155
2405
8588
5605
1047
8340
6514
9895
5366
7823
9283
6747
846
4565
1121
6643
788
2049
6142
6158
4972
4310
6396
5648
1608
9938
2289
5504
9138
2540
380
1062
9873
6115
4538
2870
3829
8652
3898
2870
9362
3246
3813
775
6147
131
5642
5199
3702
6481
3034
2610
2981
5624
6377
7907
107
7908
1933
8392
9803
6994
4202
9446
6375
9815
5714
2861
2856
1729
4682
1638
2443
657
3265
9907
5986
6300
381
4857
4883
8145
316
417
3922
3444
6860
3262
9281
5135
2167
5547
3153
2427
8195
4018
1254
4762
3139
3002
868
8986
9262
3795
7888
2478
6658
7477
5191
4224
889
5933
8232
2716
3991
7957
1896
9725
7852
4041
1784
4131
1393
7990
3577
6881
6860
6486
2347
4682
7933
926
1759
4245
3152
4803
6475
9520
4440
3628
5121
7932
9874
8434
5262
4774
2726
2620
8660
4625
1676
7583
9264
4187
2306
3620
8769
5733
3373
3530
7285
7169
7448
8643
1942
2078
5620
1668
4629
1944
9047
2168
4579
7585
6517
3521
8491
4672
8815
6808
5156
3287
8964
2412
9935
6574
4658
2745
5124
9038
9283
5372
8607
9203
2209
1255
7723
5044
338
7450
5811
8464
6444
6709
826
3543
7509
8538
134
577
2743
2264
4635
7422
5396
7606
2281
3100
1974
7135
1853
5368
9383
7372
9123
7512
1146
7206
4259
6932
7971
8783
2844
5851
1490
9304
7049
4634
6751
4721
497
5385
1774
8010
9014
6615
1871
159
644
394
3976
4161
3644
951
5855
8426
7931
1679
3490
275
8890
9791
5898
3375
6376
5139
1687
5088
7791
1385
7958
6694
3832
3842
1032
6286
2694
3661
3577
1037
910
4116
7047
6053
1805
882
6545
6993
5710
1786
6530
279
8362
1513
1295
2425
4656
8286
5646
3426
9643
1640
3031
8903
5707
5370
603
1036
9157
1150
3320
8999
6958
8769
5422
1804
132
8031
5592
1264
8181
2008
1237
7021
848
7124
6895
6159
9593
6429
397
5768
8212
5585
4440
8748
1809
9761
8178
686
8294
9439
7311
4227
4189
7883
4713
8305
199
1684
3303
3712
8791
6013
4128
8011
4616
3631
3750
7500
8909
5993
1400
4699
6515
298
5150
7625
7207
1444
2624
1179
850
2173
1280
9212
9883
8771
4334
3077
3638
7230
935
2068
7010
9990
5400
2093
7788
4167
7397
6906
5796
7954
2689
8561
5994
2682
712
6067
9994
1601
1913
1140
2530
2582
2638
5103
2211
2611
7072
5769
1283
3584
9713
3175
6371
7658
2503
6173
15
1156
6215
2049
6442
2671
3405
7492
4009
5183
5969
8011
5002
5372
1077
9941
9896
3123
8009
8904
2718
2467
7394
8251
1828
3140
872
5428
9710
3091
6761
1407
3476
8631
4233
1250
3076
2137
4914
424
3286
5624
2359
5885
1457
8982
238
2597
5281
1645
2821
7907
8620
9479
6064
4270
2554
2434
4231
9924
9207
6787
4350
7301
4026
9842
6798
7349
1212
7257
5465
2267
5267
942
3242
6735
8798
147
9960
7217
8576
2907
2421
7561
2988
2593
3277
988
1540
7955
6750
9924
4431
2563
1638
7708
7006
5968
3842
3166
8750
7744
3979
7315
7669
2344
2368
4538
1673
2331
3752
6766
7937
6570
1296
1282
8518
4700
2265
2474
3467
8856
5069
6741
2065
9479
2877
5489
2481
9948
4556
1905
9269
2129
3374
7185
4978
1158
1147
4426
3362
2274
8047
9690
3036
9584
2573
8908
9456
6000
4893
5897
3255
6760
9134
3078
6215
4258
2547
4880
161
9315
8094
5342
8738
5107
1360
9520
5368
4106
6592
483
8546
4740
1430
8764
9757
1962
4008
9657
8080
5797
175
347
8200
6252
9045
9832
8241
4293
1262
2094
7849
7494
3068
6010
7268
5786
8881
2198
3387
1756
6433
3717
4255
8029
6899
7481
5959
4129
4245
3099
263
3133
9904
8520
4761
7535
7534
5931
4175
4142
4282
7003
8723
7183
8231
3885
8315
6241
5903
82
5129
761
296
2147
2229
7450
5046
9042
5581
1056
1930
5180
5148
6472
1708
8379
13
6016
5659
5456
3787
7659
5703
9020
9565
5769
9522
5457
703
9265
8272
5408
615
6865
2467
9495
5598
9324
1383
2476
9166
5940
241
2686
6103
7507
7130
6778
7177
5157
9709
8444
3933
3623
8116
618
6347
7060
2126
7394
85
4050
7665
9413
4406
1980
620
8728
9318
3682
6012
9561
8320
3590
1126
7281
5694
1231
2461
4495
5948
3855
828
6608
6904
5364
3713
2049
8400
4513
7013
4818
792
4680
8751
3456
488
3335
7760
4072
7328
7049
8735
9322
1927
9416
4686
886
3908
3462
3953
2635
8637
2305
24
7892
626
5817
2090
6893
6739
4861
4028
300
5547
8498
236
7289
5554
8913
9306
9192
1604
1909
6078
1642
7719
6960
4582
7447
9369
1847
6522
5087
6880
4858
7444
6909
4932
2306
7265
7928
7678
9665
8035
6012
5592
7539
8208
4700
8676
7701
2655
938
37
4329
7515
4022
4940
7316
625
8620
6493
2003
7057
2550
7516
5363
7598
5695
1412
8748
4549
3775
4970
833
4672
2899
7800
4784
7310
2771
4420
3970
8946
4040
5245
2771
1402
8130
1963
937
9265
8748
768
7716
5977
1658
4950
747
1660
7964
1489
1014
9898
4222
196
5722
5410
6933
9739
791
64
6203
2927
3098
5052
5975
5383
5339
2084
4656
2321
5285
5292
2455
7991
243
3584
4321
2073
2440
5350
7923
3691
7380
3651
7408
4137
4363
5196
7818
7924
968
7856
6522
6609
3969
3463
9537
8536
3718
8727
9574
3125
5964
3006
9411
3720
6209
8946
8575
793
6201
8055
1705
7117
9439
8566
7361
327
2412
5029
6930
2727
6740
5842
2335
7953
2437
4678
723
8012
1544
869
3811
7210
5148
4752
1775
718
9165
573
9514
9254
879
5993
2173
1958
6150
4229
8116
1943
8215
419
121
6945
4319
1461
8366
9231
6054
6816
9483
9620
2473
9883
8236
2882
1597
4827
9931
2299
4691
2099
9322
93
1904
8660
9764
7280
5918
4752
4243
6272
2828
2765
7469
3299
6988
8894
2947
2809
6472
8188
4796
9836
4067
8969
6481
1886
3344
3529
9108
7200
2724
9608
7382
7229
3408
4092
3777
7798
2363
926
9484
1598
3932
5124
291
3912
6288
6556
6595
1729
3918
7381
362
4488
7124
3978
2408
7354
2668
9336
5014
6823
2323
4405
8230
5011
608
9429
7905
8493
862
7060
6691
5035
872
253
94
8884
7407
971
8541
3209
8635
7531
2194
5157
6598
1246
6418
2801
8827
3020
5817
8700
8780
3547
7983
4158
1363
6674
2751
8140
3211
8467
1519
2543
3438
561
1185
4512
6876
6732
3414
1308
3216
3375
1943
3947
1558
4394
7593
6712
4611
7071
1611
7044
8235
7207
7696
66
6144
5863
2168
4212
6169
1687
660
8106
6242
6167
2349
890
2096
8093
2906
5081
1287
289
8965
6134
5409
5600
9635
2080
3471
9289
4085
6937
7219
6537
8372
4826
7394
8406
5773
9810
2674
8558
6161
2465
6519
601
2488
6265
8381
5288
346
9877
19
5290
3062
1586
2913
4660
7759
4093
2619
4065
9424
8760
1192
8271
4307
7671
9686
8827
716
7263
6514
1743
9467
1868
7224
4105
7827
803
1269
6202
6358
5298
2805
5478
612
7030
4853
6611
5172
7294
259
7979
2438
48
4462
2910
8323
8887
7037
140
4380
8860
60
6500
3468
3652
6315
906
1870
52
8075
6379
5083
2762
5716
6450
8967
9501
8357
1653
2133
5233
4752
1858
1331
6492
6130
8234
855
7266
7406
7116
7165
6469
6360
5095
7344
5568
8535
3075
7434
3844
9500
1292
4268
47
174
9659
3056
9432
9571
9527
8056
742
4147
2815
5943
8319
4711
1631
8179
3123
1269
6109
1041
5864
9824
9119
3983
9686
9670
121
3065
8032
5172
1516
4591
7210
8233
3625
9757
4952
6688
5044
6080
7897
1935
3771
7897
329
3014
925
9916
7705
5182
6504
2736
8072
5548
7779
109
1731
7353
1377
1636
9541
2005
1212
5805
4783
5291
8307
8845
2251
1609
5187
533
106
8748
8570
4040
7515
6374
6989
8791
4502
717
8823
1279
9408
2025
4990
6230
3315
1579
4384
2718
4182
4959
2175
3262
2198
1706
9020
1605
2109
1795
3426
8979
9737
2882
9864
7067
2907
4048
3651
9564
8843
199
6011
6229
8874
8785
8247
7949
5405
1100
2421
9821
7120
8685
1481
5133
8372
4786
1161
1965
2027
7962
6257
508
1879
5647
4466
620
5035
1472
729
7679
8195
7726
1697
3860
1814
2340
7212
5840
4272
9170
6825
9362
4049
377
3612
6839
9542
2239
9338
1302
3213
8837
9270
3487
2793
2046
3613
7476
3337
6087
6969
4087
8619
4147
2072
8217
2059
3619
2534
2083
3426
5188
9313
8367
4531
6535
3679
1202
6190
7915
2137
1524
8629
9291
1091
7817
7212
8024
852
2354
5808
3378
2866
3060
9828
4389
4307
4254
3884
3148
5295
2967
9194
621
9458
5348
3854
4769
8086
3172
8438
5942
1047
5881
2278
652
56
5901
473
8834
652
456
2000
3176
2591
4593
320
9148
6232
9607
4405
6877
5400
9639
593
5652
476
8387
1659
1769
5028
5425
9879
2663
3125
9198
5200
4477
3897
7933
6880
3587
5213
8013
4174
5046
4231
4360
7397
6635
7811
9079
1989
126
3347
1602
765
1125
9211
3134
2938
1047
4807
9235
4196
29
8711
2009
7910
8972
4712
3004
8916
1063
3577
2359
4240
3643
5306
5131
3122
8087
6117
3840
609
6774
4319
5386
1677
93
6416
1675
2770
7802
4696
4019
7274
462
376
6610
7195
281
4611
2550
1673
266
3032
7185
8056
9676
9330
9011
197
1321
8075
2717
9019
2131
3918
670
8813
9199
2345
1542
8361
1753
4020
807
7447
9664
8069
2750
3284
3546
223
6008
5988
1421
2785
676
5686
183
7213
3312
5378
5040
9055
6518
8010
310
4314
9264
2208
54
9019
7877
9800
1986
8312
1118
5215
2452
6152
713
6328
8911
5000
1135
9340
3062
7370
5694
522
5776
3706
3169
4296
7867
7729
1601
5119
3163
8400
1270
332
7507
5091
6959
7612
443
9697
5480
1
7110
1345
2870
9378
6319
6899
5342
1518
4987
4000
207
7033
4263
598
8599
2979
4607
696
3642
1889
480
9631
8913
3157
5119
9756
2038
1873
6627
4514
8123
241
5996
7157
1720
1495
5019
9904
4102
3139
5327
7655
9905
6308
9355
9644
8750
6039
5127
624
9773
3340
8055
2371
7573
8458
6318
2852
5815
434
7439
170
2841
7757
5253
6432
8327
8608
9826
1809
3323
8741
2260
8236
4332
8304
3129
7390
1534
9832
5011
3046
836
3926
872
6722
4051
8270
4291
6412
4104
1793
6471
9913
1468
6699
1162
3654
1383
9239
6369
1414
3172
4592
6150
9944
1954
1417
1357
1326
8292
7639
5271
8072
8494
4687
1439
9562
963
2267
6245
1395
884
2120
9718
5613
4096
5660
5447
3278
9541
3733
4479
2000
8331
3070
5687
8894
7909
4130
5581
8645
6417
4272
4044
4163
2490
7179
1263
9696
3464
3734
8739
3049
5701
691
8265
1670
7247
7432
9223
2882
2890
4168
4086
9130
3028
8396
3078
6280
7424
8390
5676
2394
2077
385
1732
1888
1
4386
4652
2598
6231
5345
2945
1210
9707
4706
2204
4074
9056
7298
4013
8350
1270
4823
7505
8271
2143
4294
7489
817
6400
2139
2033
4937
1598
4457
8360
8129
2122
4291
5961
3504
1447
6340
424
4131
1794
942
4066
1480
1328
3372
6511
5271
4382
5200
9145
4713
4028
3677
5238
1638
4010
9428
6828
1746
4869
4433
581
480
7146
8288
1833
8022
5783
8263
2718
4381
7235
336
3335
214
1571
9080
4228
267
9284
1672
2783
8718
2315
3080
4498
6358
1387
8801
2872
4510
1959
1762
5362
9693
7810
1171
2479
5194
9266
6096
2154
8767
8780
6668
4458
8341
9377
9132
6780
1012
7066
4809
328
9354
1615
1136
1990
2019
7309
7588
8908
652
4055
2060
8391
5820
2150
3134
6635
2922
6617
4432
1236
1575
1789
9250
8554
5563
73
1363
2897
7244
3857
9202
7979
1156
4137
5142
2150
3691
8951
3173
1739
2217
4212
9938
5907
4131
6717
8635
966
8283
7353
3845
1966
8363
5681
9244
5628
6079
8730
5470
2222
3778
4398
9470
5033
6121
5584
9206
408
48
9099
7152
603
9422
52
9222
9006
253
4406
4704
2172
7364
384
285
7794
1886
3035
3069
5487
8076
9093
670
3882
9295
2732
8279
8502
426
6839
9833
4855
2218
8718
3883
6
6951
2764
3462
2938
3486
9450
4569
1733
9600
9173
5830
6849
7817
3146
129
7119
6525
5869
362
2944
3849
13
6246
8898
35
6912
5420
2968
3320
7175
2316
1319
1365
7692
4990
1094
9462
8691
1596
6434
7572
8445
5266
3480
5845
9986
1499
7066
1203
5200
318
3704
2521
448
1827
441
3999
7863
4208
6134
8444
7741
8690
1856
6348
5945
9117
4567
8211
3396
25
4277
389
7283
5892
1780
4591
9422
8483
5471
1884
2523
8006
2014
5447
5579
1175
5354
5380
9900
4244
4567
7670
5138
6625
7143
3939
2272
3044
8174
7487
7465
9670
9837
5307
5130
3564
3167
2523
455
9077
4822
3774
2710
6738
2780
2330
7103
7622
7745
1771
9743
7365
8128
5549
7804
3096
6166
7395
6078
6541
6268
7854
9510
7480
9422
4169
6048
9415
3289
9891
6547
8771
2088
2831
1110
5697
1423
5522
3364
7245
6388
5155
5528
439
7620
7618
9947
5243
6192
4853
3489
5487
3243
3146
6795
8814
6924
6860
3862
6744
3293
2041
9923
6071
2623
9014
9778
8969
8348
6313
6375
9841
5114
2780
9395
8723
3675
4085
8051
4068
7428
1764
8169
6768
5559
5440
4786
6498
1999
5389
8554
6149
4066
559
5636
6946
7362
4096
1894
7004
1668
788
4173
9741
6399
2841
1339
6561
803
2965
1384
3594
6644
5720
2327
828
3460
1117
7264
3614
6548
6285
1621
3903
5765
556
9082
780
8849
1374
4289
4347
5497
3264
5240
4474
8852
4822
2104
400
5047
207
7728
2358
1606
7879
1578
1674
5734
4628
5435
1467
664
4500
4213
2045
7486
4662
3957
5092
515
6789
8840
5764
5385
5186
2527
9524
818
9556
3984
2667
6065
9393
8868
3210
4172
2755
4059
3137
4817
7667
727
1371
307
2297
429
4786
9571
3767
3183
9823
2162
351
3626
9332
5004
6425
9431
1982
5929
4283
851
7760
9889
9985
4896
2374
3819
4677
5737
4456
7112
3690
9805
3591
3766
6936
3062
8681
1614
4125
6263
3369
6010
9157
437
4620
6489
9630
8738
9123
1087
1841
5521
9035
6060
8842
4586
1954
3134
6411
9556
4548
5077
2414
6054
2284
3922
8924
69
8662
6027
345
2925
6033
4101
540
3318
9789
2723
8021
5981
9984
5702
56
4464
7663
3998
5081
6515
6898
1887
7182
8701
5477
4751
1078
5534
7656
6898
4836
57
9893
7728
452
1106
3257
2738
9893
6454
8206
7746
7887
1830
2879
7242
8305
3615
2849
8589
801
7605
5490
9958
1134
2092
8874
7262
8865
7677
2749
8989
516
3318
5753
3288
8349
4385
8924
4643
8345
3449
1756
63
2264
9682
8471
1412
3763
7291
3153
6429
7335
4579
7352
3661
9629
9580
2529
1494
4480
8929
4230
6589
8062
8247
3665
8453
5009
7344
6418
170
2925
2082
1538
7614
3330
2733
4239
5426
3854
9005
7458
4452
4374
2159
5146
1624
2687
9538
7181
6519
4169
3381
7502
1060
5520
2532
5922
1727
3338
1496
8172
1895
9698
3829
2248
124
4115
9402
141
9431
9085
8347
265
8262
7866
1665
4233
2156
2946
7542
9267
8361
8050
2764
6608
5042
6403
8005
8725
1285
4475
2044
4550
3351
944
3619
4482
1979
2905
6415
211
5553
9356
429
4126
2076
1408
9014
199
1968
7623
3971
9984
2377
186
5986
9261
1504
2567
3782
5435
2249
6916
651
7472
347
7998
9700
6905
7808
7248
8923
312
9965
1457
6514
3152
5131
6549
2694
6671
9609
2641
7942
8960
4978
9917
7834
2615
2407
649
3789
8069
5811
8960
3319
7650
1296
7094
8992
4826
5134
2830
7300
565
6991
5650
1930
9870
5021
3868
3349
2901
6265
23
7601
1472
699
3017
2939
9077
7071
8972
5890
6630
1804
3999
4179
3039
3149
3072
1762
2607
3966
8186
622
1991
9020
6241
5576
8961
7026
5784
8366
6744
4457
3137
3502
6242
7407
5089
6240
9034
6544
7405
3531
7504
1713
2856
7041
1356
7337
4014
7490
4708
9134
7085
6189
9260
4808
8683
3489
2502
6207
5428
1786
468
1720
4078
951
9661
2180
6070
4120
949
141
3556
2584
2572
3561
2344
4670
625
742
4318
1336
5338
7955
650
1130
6996
9421
2541
7700
8410
3728
931
5175
5750
5774
266
9846
3226
689
4076
8339
2347
4493
8249
1914
975
8308
8674
1663
4231
6234
7654
9501
3839
8616
7553
4054
3260
1843
8021
1952
8277
6717
7770
5833
173
1602
2473
4840
2852
6146
8863
8100
210
4350
6671
9329
3038
8002
4821
2168
7715
2884
8097
1299
7655
4248
9256
1718
1681
9180
2892
2722
1729
6826
4820
357
1613
5745
4307
5180
6001
6368
8394
8748
4762
507
3883
9772
8137
7891
4718
7813
5010
5195
9970
7079
7669
5162
8578
180
1917
7255
4216
1122
4517
3246
1104
7518
2586
6749
9380
2329
217
5228
1607
2519
4319
2696
438
9362
46
1871
2281
3540
423
4281
9563
9533
9462
2710
9013
9524
9496
6673
7190
2474
1713
874
5158
3065
2157
4303
2468
4119
7821
3698
2746
686
2624
158
9796
3091
2343
2303
5215
7266
5116
3807
3107
7592
388
450
6162
3747
896
1518
5593
7590
1284
17
7108
9810
9145
5143
7636
2071
19
2105
1148
2516
7365
8596
3712
576
8248
8993
2558
1727
1404
6366
7570
6668
4350
5081
1611
2220
9910
9136
3360
1296
4104
1580
5048
7077
267
3793
6478
614
6183
7054
5094
3852
8043
8903
7166
7640
4365
240
3532
5936
7390
2873
4308
8238
857
51
272
9324
8134
2921
9539
8530
7306
7591
2519
5406
2297
1483
1798
5910
3741
7554
4665
4837
9257
568
3213
550
2015
3004
1761
2202
3822
6565
6854
555
9910
6963
5836
4640
5587
1335
1407
3432
7307
5334
3476
6329
1474
3152
1912
9221
5429
8855
4219
2745
1629
8936
5249
2069
7411
8142
9278
7034
8675
9726
5023
3813
1877
6175
4376
1491
13
5652
8745
9413
816
5558
7798
475
8683
5363
2431
4950
1598
2496
3763
5831
2918
3404
19
263
3020
2938
9416
5154
3224
3238
3472
8594
6034
6649
7276
3013
9163
425
7099
9155
3760
70
3151
2473
3856
7963
9030
9658
7783
6079
1497
189
289
5068
6213
2469
8120
7102
9280
2507
2628
3545
4105
8523
562
2319
7436
5592
8730
333
8269
4604
1106
175
9057
7000
6302
1053
4213
8795
3122
9106
7065
7484
2637
3550
2163
6967
1399
2991
6094
1138
6839
6511
3369
3443
6915
5322
4611
5089
7725
6347
4491
2542
6817
1985
4041
5944
4495
9864
1579
1680
7200
7753
2775
9341
3775
273
7113
806
1265
9984
7007
8729
549
3740
8440
6166
8538
6479
1549
5056
7823
3845
510
993
7892
7130
4657
8585
1975
8040
8581
516
8374
4892
105
5338
3824
5727
4879
1340
1319
5296
3175
1482
1838
7234
6489
2050
3374
1681
9765
8623
2837
8007
3776
5731
5541
7778
5913
3042
5539
8212
5897
3285
3393
7097
3880
1671
6652
5058
4523
6662
4941
6495
3215
9083
6882
9810
5709
8307
5795
4818
6147
4596
4799
6407
6016
6041
8543
8279
3372
8235
6507
7176
1870
2266
8693
7348
9046
5196
8521
6160
6646
2283
9682
5348
1857
8280
1719
3565
335
977
7649
7161
1623
2647
5582
8729
1182
2766
8149
1799
2922
2966
487
659
3287
1611
8265
8102
9532
7965
7155
2194
5668
1026
1624
8216
4983
9007
1032
3098
4787
5523
3184
5548
7864
1898
3187
2861
3240
5065
2460
404
42
6853
3286
9174
1079
3763
7491
3529
7833
3490
4718
4476
4122
6318
3369
4559
3031
1345
3871
582
6164
5522
2671
8051
8088
995
7051
7937
9246
1062
4655
6262
5221
9195
2191
2849
4085
5182
2300
9715
6118
6196
9003
1317
6016
93
3837
9596
8662
847
4966
8915
6459
7514
3071
4652
1122
7092
8389
5202
2730
4768
8615
2126
8888
6584
6129
7390
4334
3742
5751
1100
9285
7472
9247
4936
4212
8845
8719
5281
8347
817
6087
9884
8162
744
9107
9896
7216
8154
4606
2067
6682
1173
9814
6175
5033
8977
1891
2723
4930
791
6486
4060
140
1114
843
7035
5817
176
5458
6948
7528
304
1398
7686
4469
9393
1778
6698
7759
5141
6024
7147
2423
4053
1761
2412
1343
3635
9089
8423
2146
6531
9611
4025
4517
5052
5686
6898
6297
6407
9011
9530
4593
356
8239
6722
5406
6931
7568
5094
1136
1958
950
3575
6207
9120
4354
2658
5943
2229
7650
5773
6003
6046
8568
9017
2335
2983
7209
2375
8080
2036
8303
2685
1358
8663
3504
8545
9350
6509
3116
6436
2858
9950
1314
3167
2635
2285
8004
6116
1584
6099
5202
3951
3768
6547
8690
368
9948
2210
1043
1781
7958
642
9816
8398
9574
1177
5550
2760
408
8202
6713
6705
6841
8235
8196
199
126
3347
5635
9753
552
8490
8541
2123
6549
696
6545
3493
8182
7797
5725
1769
8165
5797
4254
1558
650
4860
2703
5851
6230
1347
844
6946
7150
9661
8514
1188
1505
8887
9479
3994
9879
4752
2862
8535
70
548
2696
9920
5441
9848
7808
4364
9303
1244
2735
7594
8484
2727
5907
7632
5451
5322
5283
6569
3573
8489
7250
6153
6098
3895
2652
4785
1145
9425
4173
5781
4078
9353
4630
2455
699
1846
2891
1265
6512
5810
4373
846
7653
2375
1300
838
3647
1195
4235
2021
1435
6438
7495
5246
2998
4826
3335
7909
1068
4919
9294
830
1845
3808
2726
195
5998
6845
2210
1457
5529
7894
681
7313
2636
1611
4057
5851
7991
695
8864
9210
5504
2362
9704
9893
5862
1469
1956
3359
1251
622
6044
7831
6836
4409
6231
7706
9844
7136
5700
8031
5585
9330
7912
7119
2002
6717
9347
196
2646
7400
8904
5129
5360
5746
7473
15
2506
8249
4092
2312
2715
4208
3525
7544
8290
4722
4805
1833
7045
8262
6268
536
4441
9971
2368
9988
2049
799
3323
9249
2406
6112
4251
3974
1518
3087
8668
6879
1657
5453
1096
6830
9152
1976
9823
1096
7935
6166
6218
9326
4874
8269
2887
2704
3998
2750
2436
7468
5439
4416
4279
1116
2125
3582
591
372
3838
7623
2025
9644
5005
6310
7906
5214
6137
6176
1731
3265
2539
8756
9342
2583
455
7357
9891
4824
1065
6248
2531
1671
7924
5881
6163
8350
2815
5822
6776
2434
3336
3531
643
5528
2827
2883
8665
9540
4011
1013
9284
886
4943
8742
8566
8547
8970
8220
2554
8408
5591
241
873
3125
325
9724
9877
4036
620
6193
6262
1409
6868
1118
4801
1208
255
8247
5456
9441
9941
5469
3896
9433
4587
9925
9625
439
543
8509
2260
7843
6199
8674
4547
9688
6222
3830
7821
1828
1861
9514
1343
5984
2829
11
3277
4634
4534
6858
3682
193
4222
9501
4912
4956
3294
1928
9285
5153
2850
4978
9589
5698
1079
2254
8647
6894
6849
1204
5654
4556
7507
1002
1404
8351
9174
2860
8198
2201
8057
5166
1941
8532
6587
5928
5124
9488
9907
7037
5612
5083
8608
2195
8772
3366
8361
1338
3707
9848
6330
5398
9299
536
7177
1263
2604
5732
5032
4562
8025
3051
7724
4210
5641
8514
7661
702
5713
485
3840
3021
4888
8367
4891
7335
1418
7330
6618
1945
1137
2335
2829
1274
1965
203
3616
3874
1724
6306
8046
1721
4297
8313
812
8763
8785
3906
96
911
2779
7262
1724
7949
7144
9152
3583
1868
1987
6723
5393
9591
419
363
3444
8183
156
2181
8390
5507
5184
5182
3380
6179
7470
7556
6600
3533
7262
5499
5326
4242
7120
7893
4659
1291
7009
1590
3
735
5711
1665
4618
6122
8449
7465
1802
4910
151
7783
5335
5597
7277
3432
2181
58
1556
6381
2106
8974
8107
8731
8357
8660
4607
8135
7993
1450
70
5522
5755
2070
5167
8085
4129
6638
6856
9683
2442
9076
1155
3836
9403
3691
10000
1883
7497
1170
7344
318
5387
9778
5566
4473
2242
6414
3622
3885
8209
4586
3398
4589
1442
2144
8143
350
3610
8228
8328
8269
5397
300
3629
6470
8764
5591
4573
3587
8381
1948
403
7111
9098
8453
2151
7354
983
82
2211
6500
6161
1680
5298
1103
5880
9565
1619
6496
6752
1305
977
9784
2448
9684
9290
7269
7943
3129
7916
102
6326
1924
9910
7407
9097
8945
4231
9503
5994
8843
7035
5807
1423
2913
4250
6098
3693
8996
946
1033
4441
1115
6575
3988
900
5500
8438
9536
5080
1056
9877
6999
274
9048
646
6685
8775
4065
4939
3912
6947
5777
9722
7747
6395
7690
6543
76
8824
1961
2089
3384
6149
7102
5144
6341
6916
5205
7120
2651
696
811
213
8569
5309
7257
5912
5547
8663
352
1405
9329
777
5290
3713
8275
3972
1325
7255
2908
3727
4625
5544
9622
4672
1651
9752
5654
7572
1499
6817
5693
8358
7640
1276
4276
2198
312
2698
6730
5303
6704
4892
9040
822
2892
6745
6447
1953
4556
7180
8317
7939
3527
2875
6889
2651
1047
7774
2727
218
7501
9257
2996
9303
8555
7871
1426
6601
2778
3559
3767
8616
1350
150
3065
2831
9435
2379
5742
6137
6293
9651
6377
6050
9634
5618
8164
3407
3632
9568
670
2356
801
4363
152
4723
3616
1454
1405
2569
592
6475
558
4213
8424
2515
3576
1752
381
517
8144
9282
276
5246
1181
1065
6579
9721
6781
7142
1102
5294
8567
5314
9031
6615
5300
8385
4362
2023
9868
4988
810
6209
4024
602
1348
8516
6062
3240
254
9126
7891
2463
1601
6252
9105
9002
9733
6046
3450
4265
1084
1841
3716
9043
9719
433
8291
4063
6699
9487
6233
6798
656
3387
8627
4987
6926
750
975
2838
5359
4782
6479
6729
3617
3950
1228
8961
9432
1283
9045
7217
5659
8236
9793
1361
410
7537
9882
323
1661
7236
281
2960
1659
9664
8237
2179
8968
8638
3064
417
5188
9459
7363
6423
3679
1411
698
9836
4899
9769
8017
9040
9084
1034
5894
39
3806
257
1530
7142
4079
6221
9428
4255
6800
5505
539
6483
4240
6356
8226
6991
8320
5409
3215
845
7381
7259
3291
8879
4468
8370
1871
9949
1415
3224
3830
3698
1930
9554
934
551
6749
7834
599
1556
3110
6678
4743
9627
7153
5878
3927
9481
3226
643
1987
5407
6762
9531
8562
1049
8359
2149
1373
8018
605
6011
8540
2950
3427
1102
3001
2031
9875
1761
5155
8113
5251
7420
7382
3217
6934
3560
6105
4199
8571
2399
7728
7596
914
3052
1509
9880
3026
9011
5919
9401
8839
4308
8283
7897
1414
9836
3603
2536
7365
5666
3358
3367
9356
9409
4620
8771
5374
3351
5071
959
3302
7775
3065
8188
5513
4722
8692
5145
4276
4909
971
8763
1241
8929
3955
9208
2051
9580
6048
5775
5694
9965
1025
4025
8998
8264
4251
1638
8147
8483
5274
6891
5532
5816
7664
9754
3839
1827
3804
1726
4596
7501
2724
9150
6075
5041
9147
9294
6463
6830
6766
5508
390
9032
8587
1597
786
9217
732
1646
6148
2882
2266
7156
5108
