90
120
00 10
01 02
02 03
02 12
03 13
04 05
04 14
05 06
05 15
06 16
07 08
08 18
09 19
10 20
11 12
11 21
12 22
13 14
13 23
14 24
15 16
15 25
16 26
17 18
18 19
18 28
20 21
22 32
22 23
23 24
24 25
24 34
25 26
25 35
26 36
27 37
28 29
28 38
29 39
33 34
33 43
34 44
35 36
36 37
37 47
38 48
39 49
40 41
40 50
41 42
41 51
42 52
43 44
43 53
44 45
44 54
45 46
45 55
46 56
46 47
47 48
47 57
48 58
49 59
50 51
50 60
52 53
53 54
53 63
55 56
55 65
56 66
57 58
57 67
58 59
58 68
60 61
61 62
61 71
63 64
64 74
65 75
66 76
67 68
67 77
68 78
69 79
70 80
71 72
71 81
72 73
72 82
73 74
73 83
74 84
75 76
75 85
76 77
76 86
77 78
77 87
80 81
81 82
81 91
82 92
83 84
83 93
84 94
85 86
85 95
86 87
87 97
88 89
88 98
90 91
91 92
93 94
94 95
95 96
96 97
