99
111
00 01
00 10
01 02
02 12
03 04
04 05
04 14
06 16
06 07
07 08
08 09
08 18
09 19
10 20
11 21
12 22
13 23
14 15
15 16
15 25
16 17
17 18
17 27
18 28
20 30
21 22
21 31
22 32
25 35
26 36
27 28
27 37
28 29
28 38
30 40
32 33
33 34
33 43
34 35
34 44
35 36
36 37
37 38
37 47
38 39
39 49
40 50
42 43
42 52
43 44
44 54
45 46
45 55
46 47
47 48
48 49
48 58
49 59
50 60
51 61
52 62
53 54
54 64
54 55
55 56
55 65
56 66
57 67
60 61
61 71
62 72
62 63
63 64
66 67
66 76
67 68
67 77
68 69
68 78
70 71
71 81
72 73
73 83
74 75
74 84
75 76
75 85
76 77
76 86
77 78
78 88
79 89
80 81
80 90
81 91
82 83
83 84
83 93
84 85
84 94
85 86
86 96
86 87
88 89
89 99
90 91
91 92
92 93
94 95
96 97
97 98
