7151
4284
3463
2519
3004
1143
8073
1268
5771
8251
4614
5809
4089
2154
8600
5136
9852
9801
3019
5431
6698
6042
5863
3746
8877
6434
4037
4117
7130
7184
1488
8096
3997
6726
2825
9263
7839
2137
5198
7792
5739
8072
1227
6186
6086
9784
3596
7577
8250
5074
6729
9919
5028
8088
5110
9334
4422
8257
3240
1540
3086
3430
3489
4675
7200
2818
9136
8421
8881
4383
8799
4510
2635
8354
3292
1022
6797
1136
9477
9364
3953
5305
8857
7301
5731
7342
4047
9290
8931
7321
3517
7338
2429
5924
4553
2424
7323
2151
5519
7269
8635
7514
8842
1829
4805
1665
6362
6123
3972
6132
5350
9042
6045
9095
8010
2219
7865
1630
8925
4422
8745
8283
3522
2993
1435
4243
5470
4061
9078
4772
4386
2413
1524
4623
2959
9891
1132
2960
4004
9221
1239
7554
4518
7459
8659
6399
6901
4523
5831
5207
6320
9584
3306
1680
5639
7655
2193
5262
7212
7620
9225
6955
3765
3216
2674
1247
9789
1132
3470
7714
9250
8206
1302
5153
1951
8045
1176
8903
7817
2861
3846
6421
5332
6773
7622
9386
3623
4008
7240
5696
2386
1092
7402
1810
8559
6944
9893
1292
1579
1805
5022
1745
3390
8462
1841
7985
3060
2578
6641
3695
2144
5016
3131
7990
5114
9547
8603
7645
2706
1061
4789
4426
8066
4784
6097
2810
8642
8987
4000
8135
3908
5889
6918
8094
5890
2307
3560
8169
1116
7386
4914
1879
4698
7690
1668
7144
5005
4218
8218
2710
9028
7289
4701
9444
2404
3359
4560
6786
8206
6025
4079
1274
4918
1978
9250
9522
3766
9636
1288
7848
9099
4773
5607
5273
2666
9223
3572
2371
7802
4182
3367
4472
3295
4596
3576
7460
5005
9530
9489
9299
2426
1688
2158
1073
8970
6652
1252
2686
6408
6813
9704
1328
5558
5285
5815
8439
9386
4818
2275
2982
5705
4879
5447
6450
3131
6693
4780
8736
3635
5404
6223
4937
2578
4352
3539
8643
1967
2099
8648
7877
6564
1257
5623
4645
8515
7929
9493
6474
8248
4729
6952
6346
9189
8283
1106
8120
3715
7633
7513
9227
5794
5373
8801
1699
1131
1140
7093
4820
2168
8699
3924
1549
3547
3411
5937
7456
2817
7371
3128
9943
9937
6894
3039
7031
4875
8260
2201
6834
7122
1246
7993
5461
4325
7671
7162
8685
9484
8708
4027
4472
3151
7419
8613
8889
2704
1094
7694
7673
3958
3106
9534
3001
9093
2583
6431
7852
6406
9082
6918
5225
1837
5289
7591
1791
3625
3874
1963
5295
4715
8872
6637
3416
5982
7388
8958
3440
9751
6225
9789
8334
3274
6421
7016
1775
5700
3426
5882
8411
8205
4755
2997
2689
9482
7031
3416
2689
8920
1403
2016
8136
6209
2425
5444
6615
6686
7520
8395
3844
9274
4048
9164
6640
6240
1569
8472
3977
4079
7200
4438
2602
3554
6091
1512
4006
4881
6959
3097
9086
6753
4166
4280
6854
3715
1906
5985
5383
9430
1040
2531
3653
2106
8558
2039
3441
2890
4151
5281
8679
8213
4490
2163
8587
5519
2713
4667
3643
2528
2171
4623
3402
2183
9072
7947
8817
2648
3194
7625
2961
2039
5445
3202
5672
1958
6306
1055
3952
1996
3414
5361
7794
5919
1022
3897
3518
3346
3022
8396
5986
7762
3109
8806
7182
9099
6636
4844
7146
4468
8392
3888
6767
2397
9828
4674
2172
7932
7627
3640
4809
2284
9394
8096
2533
4571
7623
7378
1547
8611
9009
8713
7219
1359
8764
6069
9813
1981
4206
3131
6569
3419
3221
7684
6602
9666
7691
6348
1658
1298
3149
7829
3185
7441
1276
9063
9800
8104
4390
4142
4607
1821
3679
6359
4267
2122
4587
9112
7056
8449
7624
3239
2183
9554
8104
2320
2303
6577
5290
4777
1769
4842
5197
2343
5412
8881
4897
2939
1482
1036
3525
9803
7863
5373
6773
1607
1542
4973
1956
9200
5511
3984
1232
1715
7218
3328
3249
7479
4624
5780
8161
7875
2860
1981
5036
7685
3293
3662
7453
8242
8095
3933
6559
5867
8558
9268
5489
6953
2276
2130
5306
9245
8005
9379
3123
2398
2978
9851
7430
6793
7980
8369
6363
6876
6133
2162
3501
8934
4856
3702
6761
1874
2433
1210
4262
5444
3948
3997
6219
7280
1511
9133
6383
5850
8812
1655
2299
3747
8010
6296
8116
8845
9069
3505
7582
1159
5338
7183
4716
9867
1986
5031
6810
2050
9538
2873
7715
7089
2129
2696
3758
1785
7263
3300
8999
7810
3899
9871
9279
2380
1447
1580
7622
1974
2546
8219
2731
5619
6632
8699
2561
7205
4663
1976
8928
1381
9674
9718
2587
1282
9057
8748
3357
2237
7225
1920
5545
5781
4058
3022
3345
2394
2440
6953
7156
4079
9845
6205
9839
3932
3723
8084
1548
8383
1117
1707
6163
7840
4663
6205
5492
8856
6143
6681
2819
3975
8614
7627
6699
8700
7864
7314
3761
6764
4045
2267
7272
4417
9492
1330
4862
8854
7373
1792
1124
9197
6950
1527
7894
9421
8191
8163
2423
3870
6287
1815
1732
9015
9228
3693
5197
2907
7913
1169
5564
4706
8376
5639
7495
4663
8458
1753
5443
2794
4033
2159
4230
4846
2038
6822
6468
1057
3004
8552
8662
5485
9222
1038
2972
7376
4466
5384
2506
3453
7259
2194
1008
3717
9842
6722
3253
9957
5571
9703
7933
3192
8793
2544
8829
3642
4644
2055
3709
2166
7679
4549
5953
5216
7755
4261
3036
7574
2728
8727
8255
6191
2215
5473
3017
4557
6329
1446
4612
2563
8903
4122
8061
6976
2070
9992
5318
8522
9323
3459
5748
8054
4169
2987
8664
6184
3626
2775
5474
9217
3834
5341
7090
7384
2207
2195
9443
3404
8213
7909
1921
8836
4733
2519
3418
1878
6947
9173
7836
8712
8063
5100
5968
5366
2680
7657
3250
1903
2342
1046
8835
2226
4892
8065
1826
4834
8398
8690
1804
8617
6983
3789
5927
8755
9700
6128
8998
5805
5571
8417
6706
1013
1720
8383
7408
8396
2232
9116
8437
5100
4502
3782
6573
5457
3825
7791
9624
7368
7035
4335
5464
6075
7546
7319
9462
4502
2694
4168
5110
9483
5941
1390
3107
4013
3067
9302
6245
8305
9514
7578
2591
1090
6342
5725
3794
6861
2830
6222
5904
1745
4012
2990
8396
5308
5835
6487
7868
1806
9403
4793
8912
5259
2570
6388
1804
3003
9601
4495
8110
6823
7830
1591
2680
3401
7805
5177
5726
6310
8162
2813
6288
5647
9340
5319
8709
1948
7600
2932
2578
9860
7624
1683
3588
5932
9841
4096
8078
8878
8813
2526
7720
6308
7729
8206
2717
2996
7726
8102
1877
9744
7826
6914
1733
9158
1965
3002
3068
4089
9249
3841
4574
4888
9622
7278
3664
7316
4788
3073
5882
4611
3684
5806
2544
2382
2685
7655
3896
7840
2975
4253
8402
3737
7521
5032
4546
5863
8019
8516
4010
2968
2151
3878
9116
6489
6598
6232
4358
8017
5985
7244
8951
1494
8889
2601
1862
7698
9587
1289
6588
7049
3854
8577
4424
8851
5593
8248
8902
2650
3636
2238
2981
8858
6081
7687
6169
2636
3888
7527
8054
5756
6462
4062
9645
2563
4682
8994
1315
7997
3803
8023
2828
3032
7495
6978
7675
3520
5640
7384
2629
6423
3243
7053
3829
3168
6192
4859
7996
9831
9735
6243
1072
8799
1502
1577
5765
6746
8107
1923
7654
3968
8855
8167
5886
5817
7145
7603
5202
7909
3410
7856
6011
2096
5741
6800
3964
7773
3202
8904
2349
2730
7421
7832
3899
6219
3883
7256
1441
3363
8929
5656
3121
3178
9614
4680
8311
3456
4034
9597
5814
6032
5656
6294
6345
2391
3891
6340
7599
6991
7002
9447
9056
2321
4284
4699
4382
2962
9473
3910
7351
2224
5805
5566
3865
7769
7678
4224
6517
1143
8164
1203
5961
1416
6137
7210
7600
4223
2901
1205
1732
9928
2376
9297
9945
4208
9734
6443
4799
6593
4679
6765
1044
5038
7823
5706
7124
6489
6029
4294
1472
2491
7329
7154
1748
6116
3701
3887
9412
8948
1734
9995
3652
4209
9343
8680
9112
2255
8909
9224
1275
6889
2027
1711
5829
6215
9875
7651
9063
7107
2564
7367
9978
5615
4219
3071
3900
8255
4471
6722
2434
4670
7537
4480
7717
1911
3851
3449
4159
4238
6075
8378
6822
9067
4124
4060
9141
9549
7829
4597
5578
5899
8487
6017
1161
6097
1351
2810
6876
9490
5544
6463
1056
8316
2691
6175
3592
8634
6731
4133
2364
9683
7803
1778
7864
2098
1427
2229
1584
6536
7991
5433
4314
1714
5241
8103
2178
2016
9229
6795
6832
3819
8783
1375
2721
9250
3536
4394
5945
3047
6732
7134
2595
3145
4653
6826
7528
2711
2725
5205
7839
5418
4386
9645
3480
1143
1358
8923
3669
3916
8221
4825
6037
4184
7101
6665
2928
7303
7259
2391
6521
5434
6843
6809
3618
3647
9935
2883
4742
7924
9616
1695
8898
6784
2241
7447
4007
9164
9537
1806
5989
6386
6569
1316
1287
7932
1689
2643
2288
6600
5952
5222
4391
9109
9960
5690
6692
1476
5118
4868
8515
2510
4139
1302
7539
4554
7371
1877
4383
1044
2645
9357
6270
1881
4877
9615
9626
1344
7474
3450
6779
3006
6629
3608
5786
2183
1628
5233
2343
4840
4239
6472
6426
2317
9130
3875
9002
8015
8230
7588
3246
2355
9594
8935
4060
5461
8610
1912
7523
6174
8898
7097
4064
1439
8002
6637
9603
1019
1987
2638
1566
3213
6506
9766
6256
5736
1131
8763
6930
6856
3710
2534
9129
7532
4853
2734
8928
4116
5784
5199
2161
3494
2646
9484
5581
2930
1121
1555
2727
7213
6891
8100
9217
2689
3209
3657
6809
1031
4454
2051
4640
2365
9404
4706
9363
9197
9780
7222
1273
1333
4746
2749
8308
8280
3751
4484
6770
6717
9952
3875
5976
3640
8397
7726
8105
7636
5121
1820
1757
1978
1624
1976
4956
5480
2884
1798
9208
4845
2233
5645
6832
7692
7053
6082
2188
2161
5630
4945
9356
8384
1390
4225
5474
8314
1931
6172
6265
4918
7215
4608
5110
9682
4034
4720
8149
9412
2687
2911
4698
2657
2637
3888
1911
6432
3274
2924
5274
2377
3417
1755
2042
9625
5570
5918
2974
5247
8030
1045
1803
6059
2826
2663
4440
2512
1817
4761
3761
3722
2840
5876
3776
9090
1536
4638
5449
2488
9767
3717
8563
9083
4179
4227
2838
8142
3882
6791
3061
2419
8685
9649
2095
3420
7624
3949
6356
8852
9640
8764
6472
3554
6122
1228
3390
7147
5912
4081
1670
3280
4688
1681
5232
6346
8170
1477
1106
5625
8033
9996
5534
6294
5764
1997
6828
5010
7321
8886
1372
9135
4538
8496
7677
3487
2599
8785
7818
2527
1569
3579
9467
3804
6591
9362
4806
5243
9156
9457
7185
3642
7476
6780
2119
5691
8787
5497
6054
2990
4659
7638
3932
9132
4373
2421
5985
3529
1619
7172
6023
4871
6364
7858
2513
7223
1708
3627
1271
6107
7487
9670
3910
9049
3348
2509
1297
8626
2640
7746
3613
2147
1610
4990
1960
5947
2411
3993
9659
9157
1996
5960
5137
5161
3264
8683
1855
6111
1536
4006
4432
7734
3099
8588
9267
2530
8111
8997
9592
2761
1220
1718
7108
8954
9421
1282
3262
7715
3585
7603
8876
2070
9061
6469
8671
9012
7284
7383
4180
9418
4197
3852
9237
4532
4673
4792
8250
2063
7960
1577
2958
1833
4556
8669
1111
5700
6564
2125
6203
5381
4538
9198
7730
6333
7116
5479
7294
3987
6166
7199
7691
7089
8408
1953
1865
3878
6401
3838
6812
8302
9244
6344
9665
5614
6179
8970
1907
2707
9038
4457
3135
2645
8160
2102
9458
5618
9343
8578
7728
8856
8771
1391
6898
5154
8226
4716
2672
2380
4888
7268
1165
1670
2056
2007
5919
8548
8168
2871
7642
1596
7720
5692
6938
7556
2986
4758
7367
7764
4820
1889
2721
4446
9279
4600
4900
2216
6772
4091
7118
8739
8598
9630
9270
3328
6171
2283
7172
9549
4713
1006
3841
3364
6875
8423
3612
5959
2165
4858
8753
7919
8033
9783
1473
6422
8597
6675
7163
6511
7856
4878
7701
8721
1594
1987
6485
8150
1255
7067
5918
8534
1472
6992
1857
3237
7426
4838
5900
1626
5631
7373
6100
1519
8996
7028
6250
3404
7050
2275
7932
2209
9189
5770
6850
1261
4496
3005
6944
2500
1686
7530
3119
7166
2752
9201
2560
3661
5950
7334
9535
7135
3923
7823
6045
7915
1924
5499
5730
2185
7334
8248
3049
5543
8095
3036
1906
2935
6202
6876
4998
3432
4649
1560
5617
3847
8698
1686
8704
5663
6898
2044
8332
7786
1305
9977
8349
4968
2499
2625
4426
7863
8075
1716
5628
8394
6299
8243
8249
3456
6732
7445
1599
7353
5306
6862
1692
5801
3161
3314
2480
4281
2839
2001
7299
5399
9450
6059
3762
8306
4567
2858
5891
8346
2579
9738
6258
8812
6509
6137
2076
5839
9168
1085
7087
8653
8300
9204
9897
8292
9706
5538
7908
4136
3015
6175
7720
1253
6991
3028
8719
8716
1106
4466
7670
4982
9468
7572
6075
1179
3589
8973
8106
2558
7599
1431
5078
1687
2405
5824
3225
8794
2965
1967
3258
6110
4540
3623
8301
7275
2576
4850
8042
6536
8924
8614
8009
9555
8636
6857
6869
2355
4222
4654
2813
6955
9312
7196
3431
8311
2697
5317
7931
6898
5331
9713
3436
4535
1143
8214
1349
1510
4378
5298
4116
1762
3258
6531
1027
1061
6026
8736
2787
2300
3058
8466
5613
1675
7866
3694
7511
7292
8439
4525
1835
5249
2428
3672
5420
6149
9058
8921
7911
8688
6224
5986
7522
8638
4794
2047
3274
2704
3463
5678
5182
4985
9566
1689
3631
7235
8562
7720
9354
6727
7877
8779
1102
4940
4717
4699
9491
6346
1365
2395
3198
2581
3312
7824
4147
2119
2198
8653
8084
1618
1141
7879
5287
7363
5423
3445
9112
8458
5101
6185
7535
2452
8026
2964
7404
2604
5506
8426
3730
9450
6224
1425
8325
3937
1832
2801
2433
2943
4755
1313
7837
2033
2445
6750
7907
1774
5922
9905
9405
3706
9190
5427
3074
9444
1249
1970
4045
8648
8726
5877
2228
1793
9755
7707
6037
9301
1960
2682
9550
6974
2030
4524
5029
2461
6000
1398
1902
7451
5979
9293
4236
9192
1133
5218
2219
7141
6284
2460
1441
8443
1498
6433
8313
8686
5631
5072
7913
7710
6603
4134
5869
5465
6380
1336
1085
3465
9493
6844
4540
5182
1270
5826
6618
8245
6928
4438
9613
7793
2544
8586
7042
3912
5398
6901
2816
9496
4839
3053
8065
7267
3609
1938
1464
2181
1211
8653
8510
8754
9925
7472
9619
3053
8627
4710
7079
2764
5937
7680
7225
4825
5020
4273
9859
5222
6148
1326
7455
5802
4018
3466
7887
5056
2945
9003
5383
1113
8073
6820
4662
1102
6743
6073
4449
9370
7484
3904
9533
9735
6587
9312
1620
7674
3093
7986
2350
3992
5119
7870
4017
2784
2725
8757
9971
8982
2845
3155
5361
3424
4855
5194
5300
8020
1516
8924
7277
6605
7597
4963
3985
3745
5039
2490
6600
3082
4755
9760
5607
8392
8523
2105
9452
2567
4534
9944
7557
6430
2029
9179
6994
5150
2041
2789
5366
3518
4425
7690
4990
1686
2588
4707
1314
2764
4164
7105
2398
5852
4516
9945
5389
9789
7203
4967
4364
7437
3323
7239
9535
8578
4344
2536
2980
9537
4558
4603
1752
7913
7589
8828
6549
8278
2485
1054
1103
8460
2052
6822
1353
9651
7811
7040
8319
9507
9334
5856
5031
5753
2091
7079
2200
6297
4203
5409
1509
4113
1660
8225
2983
3308
9509
9229
7185
2230
1407
6407
6951
4032
4157
1670
2969
7295
8553
9495
4847
1000
1259
1207
7167
2639
9374
2813
3137
1303
4822
3384
5828
1042
4924
9543
6521
3514
7046
6776
1952
6462
4135
3619
4249
6510
8259
5175
2772
7778
8226
5433
2021
3676
4673
1103
4868
1624
5659
4279
5123
7125
3768
6623
8224
4922
2133
5519
2805
4995
2399
9853
2150
1507
6604
8385
6388
7895
5926
3623
1422
1405
9242
1192
8385
3134
2411
2382
6629
4822
6290
9562
4489
3007
5218
7655
7132
8491
5669
6905
5455
6321
3990
2202
2886
9085
6738
4523
7042
1740
5913
2922
8716
6219
7504
8131
2570
7185
3167
3660
7400
6983
3898
2400
7272
1326
2058
1825
7186
7759
3042
4794
1968
2963
6740
6593
1114
3892
7390
2439
4454
8137
3566
1094
6698
8470
6407
7780
1319
3198
6481
3257
5550
8960
3875
9064
5441
6320
9167
2556
8059
3772
9663
9967
5221
6941
7329
5041
1026
6069
9873
8676
6865
3714
8123
1888
6468
2876
5680
5523
1601
4793
3065
9273
4143
3655
5170
5030
4719
6958
4479
2154
3412
8042
8517
2718
4611
2973
7045
6134
9470
2871
2876
2953
6338
3716
6622
8128
8651
1887
3213
2871
5827
2995
5927
9161
9626
1634
4101
8893
3745
3164
8321
6904
5868
2142
6901
8472
8113
6954
9359
8757
9391
6906
7966
6005
5677
5732
3571
4657
5716
5739
8488
9611
9721
3496
5010
1328
1893
3231
5512
6255
9207
3327
2575
9289
5273
9205
5245
2757
3515
6185
3782
7692
2285
4123
4808
7214
3723
3750
2452
2512
2467
1797
2537
6310
1615
9870
5235
9570
1120
3653
5384
1222
3754
9340
2085
6157
1853
8643
5861
5759
4524
5167
7112
9817
5441
5451
4165
8459
4668
5739
2226
4821
2493
6118
7840
6161
1991
4801
5631
8370
4383
5897
3211
7509
3473
4461
6920
1081
5143
1984
6574
3585
8912
8126
5053
1693
7752
8338
8231
7846
2094
9759
2378
5780
5915
7147
1662
3839
1193
5913
2799
8590
3280
9836
1078
4622
7616
4073
6860
6887
7386
8014
6902
4161
3856
5344
4558
4313
3201
5252
8825
3793
8472
3087
2923
2330
8843
8953
1412
7659
1382
8333
4549
2926
7941
2578
8188
3508
2302
5400
2909
9422
5660
8694
7301
1915
2681
8077
2944
4710
5128
3145
4015
7325
8375
1542
3668
4742
3939
2943
7191
7093
1584
4725
2564
1295
9805
2657
3809
6834
5518
1065
1843
6898
8594
3815
1381
5577
9414
7819
9341
3078
6950
6047
8761
3126
2519
7505
2172
9683
7124
8647
1388
3742
5917
6951
7551
8265
1551
9913
7034
2712
9591
7388
9846
2739
7666
6446
5023
9284
7349
6080
1781
7824
6540
6749
4150
4813
2272
5376
9648
9383
8688
8669
1098
7465
8726
8852
4154
9620
2632
3135
4056
9184
2670
8594
6814
4113
2309
3185
1184
8790
6084
3631
7329
5521
7650
6942
1947
8796
5896
5195
9943
3711
4206
1988
9685
9696
8380
1679
5489
1435
4910
6640
6648
5560
2936
3671
6012
4356
7752
9074
9311
5671
6987
7608
8902
6233
3872
7178
6691
5826
8226
6898
6980
7204
4692
4558
8338
6664
5856
5273
4725
7789
1172
9448
1317
9045
2776
8162
3600
4920
9534
5711
2023
1707
2325
5045
3192
9974
7418
5183
1695
3514
2913
4838
2786
6833
8061
4444
6426
2621
5253
2302
2905
9976
3476
8381
2082
5533
3265
5156
8748
7805
2669
4037
9226
2574
5771
7549
6549
9868
3163
5303
3518
9944
5065
6182
4589
9276
9049
1589
7198
9567
7383
2773
9430
5538
4125
7241
2891
3800
9266
8640
3077
7648
2682
5919
1656
3985
8308
2183
9545
6345
6858
5362
6187
4634
4674
2439
8159
7501
6339
8163
3586
8127
9574
1427
6467
4660
7863
3741
4205
8394
3486
9927
5718
1470
7120
7850
8598
1713
2111
8127
9311
7283
1616
9321
2084
9066
4490
7310
2939
9619
2919
3831
8786
8838
3389
5139
4639
3358
9307
6509
3738
4361
5701
8076
1805
7664
5617
6985
8609
6444
6180
3496
1645
6435
7739
1706
8895
3261
7473
9714
5541
3534
1454
6160
3931
3902
2664
9149
5373
9587
3848
6434
9119
5084
3181
8265
5003
8805
7650
7357
9376
4981
7152
2757
4636
5543
6733
3221
8719
8432
7613
5315
6435
4768
7806
4288
5805
3951
3714
9605
2354
1559
9876
9057
3329
9803
5609
2590
6154
6325
7533
7083
6368
4304
7013
1390
2908
5109
1095
7939
7227
6396
4841
6588
7256
4237
3776
9581
6888
7880
8697
1093
2765
5457
6334
5817
1969
9140
3754
4944
7082
6681
1979
9795
6333
9056
7099
2824
5808
8328
3196
1351
1921
9215
3845
2078
1630
2510
4096
5142
3578
9245
7813
8913
8868
3272
6469
2403
2489
4986
6826
9455
8643
9624
5995
5882
2286
3462
1632
7467
9641
3424
5152
7945
5999
2873
7939
5368
9955
6376
6744
3092
7879
6793
4156
2160
1285
7997
9810
7015
9382
7402
4844
6993
2905
9829
2018
9165
7455
7744
3542
5655
8629
3217
9951
7719
4990
2859
6494
7523
5654
8438
5901
8898
9469
1941
9806
3415
2114
5728
4029
6268
8484
1794
8777
9742
8154
1153
6574
5080
1337
7741
9577
9131
8471
5010
5337
9616
9145
7275
9357
2591
4105
8677
3544
1118
7609
5709
9439
9663
3965
5278
3102
9793
3467
5461
6735
6337
1605
1261
7296
9072
5112
3132
2655
1780
3805
5516
6317
3006
5256
5882
8433
9032
3000
2822
1691
3140
3059
6532
5290
2870
3784
8841
9718
6787
4961
2378
5996
2606
1532
7790
2526
3691
6942
9462
8785
2694
9419
4449
6367
5078
7983
6411
6896
2665
9832
1828
4443
8906
7192
1726
8029
7469
3580
4223
7825
8558
5887
3984
3878
8862
4750
9280
6084
2616
9393
2687
7016
6612
2664
4950
3704
1495
3829
2039
2908
3673
7248
5712
7743
7687
6116
8366
3025
5878
9547
6538
8758
7269
2340
7902
2458
2755
8428
9212
3888
8595
3449
2470
4326
6853
9629
5103
3181
2963
5386
8080
9658
6393
6049
5307
8238
2687
8993
9133
4570
1671
8152
8988
7979
7471
2167
4653
9666
2942
8749
2011
8326
3414
6373
4495
7639
1961
1744
5017
1159
6265
8246
1184
6543
5738
8665
7058
8797
9383
2576
9355
7056
9953
1307
6871
3943
7904
9760
9613
3634
4484
2685
2631
4592
3891
7593
4189
6327
3748
5601
7015
2658
4468
1971
8234
2705
9205
7937
8196
1673
3328
1831
5815
5645
3754
8599
9078
2999
6714
7550
1440
4777
7522
9610
5986
9214
1908
7403
5989
6959
8653
7696
9778
4382
7760
5996
8463
6525
1804
1889
2081
7569
1882
6821
7388
8522
3715
8295
7422
4336
4191
5203
6314
6102
9625
2694
5616
4003
7830
3049
1029
1392
9985
2463
1821
4149
1890
6585
1291
3399
5057
7311
4770
4123
9522
3053
8878
1413
7310
6530
5888
2465
9289
2129
8883
8637
8617
4955
3787
9694
1043
8966
2657
4297
8152
2145
7882
4478
3671
1779
9385
5044
6425
4485
2990
1511
8591
9806
2865
4005
3363
5666
1163
8366
9124
1080
9462
5870
5858
3500
5108
8994
6446
3395
2036
5561
1951
9026
6236
3532
5885
8960
2425
7609
2396
5880
2190
1007
6319
8656
4770
6698
9439
8913
6095
6098
3589
8101
7139
6028
9030
9784
4053
8032
5609
2542
1174
4892
8558
4438
3968
5718
7829
9145
8196
5159
2882
1013
5307
6272
6795
1258
4771
9434
7492
9615
1237
7782
3861
6840
6037
9616
4669
5862
4132
6770
6415
4036
2420
4639
7110
8040
1813
2258
6597
9518
8663
2216
6614
7933
4197
1146
2387
6545
9416
9451
5209
2715
6357
1691
4618
2416
3139
2154
9138
8869
2909
2269
4684
1427
3060
5724
8833
1421
9028
7574
3901
8659
6007
5528
4588
8658
1014
1926
7633
3339
5464
2068
5730
4459
1321
8528
1751
7669
4912
5569
2293
5757
2044
7260
5889
2685
6758
3709
7827
5061
8535
7541
5474
2626
3836
6085
1799
7156
4720
5343
2948
3993
9458
8518
6828
6333
4110
4035
9966
7836
7020
4269
1256
5470
6558
8132
1340
9735
8396
4776
1177
3464
8837
3074
1893
9614
4271
7999
2613
4359
5731
3336
1964
3826
6905
8532
7471
4259
4058
2839
6729
1911
6255
3922
6536
6419
8707
2417
4798
3973
6964
1170
5239
2380
6502
4225
9916
8517
5416
8076
5155
6849
2737
6730
6093
7468
7932
1437
3274
8401
8047
7517
8386
6825
5214
9053
1965
3387
2547
4108
4588
3559
9747
9186
6130
8135
2503
6871
8427
7918
2183
3637
8178
4420
9817
5156
7295
8944
4372
3851
8052
2089
8153
9139
9106
4498
6453
2261
5870
4337
8755
4567
3130
1434
1554
9422
6241
5749
2551
4145
4741
7257
5180
2439
6300
4435
8282
1239
8678
1612
7540
3507
1902
3997
4242
9892
6036
4696
7740
2721
1028
1923
7999
9437
4631
7376
7030
3350
2241
1392
8444
6404
4785
3972
4154
3008
7870
8507
9311
4078
4985
9677
1854
9722
9562
2013
6612
8369
9415
2677
6337
5995
5559
1553
9733
6134
4705
9964
9130
8108
4390
5871
6206
1998
6252
3710
6737
9194
4968
1764
8016
6125
2613
8129
7800
1470
5145
1877
2112
8797
7029
6338
1797
3783
6065
5324
1923
4253
1835
4384
2776
7981
3609
8799
7058
3684
8211
1694
6779
5113
1068
5313
3508
1272
4265
9590
4430
3690
3140
2240
6216
9372
6145
5036
7058
3900
9857
9801
8246
9872
8736
2089
6136
1412
1250
4106
3450
3949
1843
5080
5766
7260
7889
6947
3616
8821
8427
9203
8622
5858
2246
1181
8027
8057
1319
5771
2763
6502
2746
2724
2633
2670
5612
7404
8295
7828
6796
1879
5385
1081
8371
7083
1236
4621
4704
6791
5997
9620
5499
8935
5538
1108
2606
3516
8481
6461
9732
6068
6390
2756
5233
6920
9141
9072
2428
8313
8855
4296
6658
7251
1979
4941
7698
3133
2302
1391
3630
7817
5988
9075
8258
7053
1221
6638
6480
6565
8216
6735
3008
2815
1869
8857
5424
2757
5510
4486
4104
6254
6360
5466
1002
7219
9273
3965
1105
2062
3741
6194
1860
9830
1836
5725
1899
9723
2290
7850
2852
1713
3914
4219
3771
5563
6978
2033
5090
6909
6964
5291
6058
7835
8911
2270
1023
9100
8018
1136
2345
9278
5395
7413
1919
4902
9672
6064
1670
4235
5481
7994
6474
3831
2622
2183
5193
8187
3496
2983
8951
4968
4178
1619
4319
1234
8976
6219
5472
1290
6972
4488
3104
5251
4248
4383
4985
8595
1057
2663
9486
1144
2364
9459
4609
1271
9773
1504
6173
4949
5409
7325
9122
7051
1884
1221
5334
6142
2295
3642
8471
3212
2698
9717
6928
4358
9410
6559
9883
9073
4713
3114
7487
1490
9742
1034
3674
4426
3017
4735
4015
3404
8121
3682
8679
3071
6283
4135
6516
5558
1754
5234
3927
5181
6400
5731
4259
8876
8493
5674
5105
8410
1406
7539
1417
6083
7523
6103
8487
4189
9863
6096
9138
8185
8705
3769
1845
3546
3920
4671
1257
4192
2594
8264
5538
2090
2784
2988
4798
8876
8124
5829
1929
6419
9423
2852
2080
1591
5593
6413
1703
9084
5387
5340
7577
4542
2082
9006
1487
1758
1250
3352
1035
6187
2205
1814
2924
4464
9984
9664
6181
1185
4600
8100
2916
5952
3002
5773
9553
3781
6194
9883
7659
2797
3173
8032
6982
4816
1439
9832
6776
7825
9585
5883
5634
8712
7501
5708
3235
1438
4484
4836
2069
6577
2986
2997
2585
6972
9080
9488
3898
4911
1410
6549
7707
2319
5468
3251
1460
3360
7381
6720
9122
6162
4876
1128
4390
7084
7205
5448
8039
7196
4420
2624
1923
8324
9287
2268
9813
8303
2826
5444
6220
4651
6133
4103
1996
5433
7354
8617
2373
4553
5331
7822
1072
5465
3802
4819
9053
1760
8017
1752
4747
8933
2548
7654
3111
7249
9882
4534
4370
3298
5922
3833
2010
6209
1038
4168
1244
2161
7549
7488
5743
9953
5742
8616
8315
9532
8972
9918
4660
3688
1927
2240
7493
8310
7245
2233
4640
9109
6087
3978
5727
9569
7525
6093
9409
7240
3472
2593
8421
1230
2011
4744
9620
2548
9390
5944
3733
7189
1633
5130
3599
9194
3902
9966
6390
8561
8273
1141
4982
8957
6807
8009
3527
1697
3537
6170
7520
9877
5136
1972
9674
4208
6925
9719
7777
9900
3477
7308
5154
9239
6244
7426
2554
8225
1084
8482
5204
4145
1858
2035
4511
6280
8692
3960
9362
3804
7863
8560
4386
4427
8525
8842
2043
5984
5651
6800
8310
8446
1897
6875
3864
3890
3047
9964
2503
4516
3501
2645
7293
1530
9114
2569
7672
9025
7635
7188
1311
6112
8789
4633
7779
6018
9654
4877
5602
6229
8822
5848
1228
1678
8915
7225
3428
7027
5088
6241
3341
6348
3878
6305
9699
5704
5928
1727
6053
1918
3101
4941
2595
6036
8277
9138
7281
6422
1024
6359
6050
8052
1237
7055
7232
3228
6800
9780
4742
2522
4057
9115
9077
2162
1602
6546
7609
1784
6746
1157
3041
9499
5244
6202
1796
4542
6843
4711
7333
1615
6211
7389
6442
1520
7955
3418
8746
5888
5815
4004
9571
1124
1424
9841
2855
1275
4576
3845
6402
2206
6628
3560
1876
6129
6986
2184
5525
8196
8558
3276
9161
5064
7964
7011
5943
6973
4081
7087
6284
7747
1183
3489
1046
2423
4505
8603
2589
8069
1620
2829
9108
5756
6631
8789
8905
2370
2382
2383
6489
2876
6275
5848
4358
6607
7389
5006
2509
3547
5449
6392
1887
1348
6150
5339
1465
5661
7609
6605
8340
7519
9541
3673
5580
9379
5232
8690
7282
8969
2406
3999
8409
6729
2936
2384
1858
2242
8930
3766
4106
4521
2955
7192
9977
6417
4296
1155
7890
1086
2173
2157
2472
3090
7662
4025
1276
8339
2398
2080
5001
5091
9477
4748
9397
4013
1530
4321
4435
9272
6218
8003
4828
4047
1088
3065
3247
4896
2730
3631
1073
2627
4840
2417
2148
7109
4153
7164
6624
5544
7432
6792
3094
3126
9314
9623
2915
9449
2382
3443
4224
2669
8600
8433
2453
5415
3947
5582
3158
2867
3845
8794
9651
2037
2500
2121
6745
2055
2979
6352
7583
2694
4650
4398
5169
9477
8193
4106
7538
5952
1200
5174
7697
3239
2463
4537
7532
8249
4949
9990
1361
7138
9721
4911
4903
2636
5315
4353
1952
9641
9465
5118
3438
4559
2419
3953
3579
4862
4245
3120
1954
3662
9904
3650
1694
9540
6048
5653
2552
1504
1333
2292
6014
4446
8546
8299
1185
6746
6678
6901
7435
2067
3528
5279
9544
6823
6977
8901
7849
9692
2479
9040
8831
4483
4442
9737
5400
3508
5363
6612
1146
4200
9676
1840
6918
3153
5036
5153
2552
6746
3428
1700
9020
3112
4056
1527
2594
1583
4229
4448
9990
7374
8880
3424
6362
5853
8039
5595
4932
4039
6462
5487
1904
4169
9654
5923
1024
7992
7287
3972
7204
2622
7618
9526
1461
1207
4570
8362
2429
9734
4317
5852
7470
7784
1136
7431
1720
7697
1343
1116
7441
5898
3638
3391
1960
7169
4852
7438
4635
2914
8658
4309
6757
4060
7498
5627
2992
7808
7148
3484
7109
7315
9365
6370
3460
9313
3406
2153
8120
5605
7806
8248
7946
1815
6794
5606
9093
3738
6548
2557
9024
8703
3924
4485
4926
4901
6436
9227
2833
9791
9927
2800
8525
2204
9544
1255
2131
6921
4740
7178
9606
5941
3736
6697
5733
7245
5857
1421
9045
9628
3928
9881
6373
9984
3307
8135
2008
8900
5191
6105
9775
8578
3845
7355
5899
4946
7012
9893
1686
4025
6583
5359
9457
1355
4656
8758
7255
3513
1330
6932
3973
6774
1694
6188
3889
2515
5312
7950
7564
6235
7901
8517
1845
9073
9457
1195
7624
5307
5962
9298
1563
4362
7200
3854
9638
6441
8180
4180
4184
4256
1442
5563
5602
8987
9411
4201
8252
7932
1455
8460
5979
7723
8487
3407
6592
4228
8166
2111
7836
5167
3752
7158
5569
9681
2866
4832
9601
5549
1744
5635
8550
2855
6687
5904
6074
7327
8296
7644
8326
8185
5319
9300
4882
2889
3427
5837
4516
3523
5880
1312
5964
3099
8120
1176
8414
6356
8569
4357
2307
1176
2664
2075
1453
6691
9603
4279
9874
1858
1968
9439
7646
5115
5550
1621
4127
8429
5737
2524
7966
6027
8162
2095
2384
9114
9916
7247
3798
3168
5690
7423
2460
4098
4207
7086
6553
9956
4598
2798
6327
5903
2078
9137
2988
7702
9450
5297
5809
8267
1552
7461
9884
1091
4492
7340
7865
2756
7223
3747
7759
7383
2778
1192
1218
5354
5030
8891
6829
5277
2859
2688
1880
4515
5235
9373
4479
6543
2955
7935
2278
2109
3358
5262
5500
4989
9577
5087
3608
6321
3108
1672
5396
9758
3602
4655
8740
7702
2851
2259
3942
3221
5995
4218
9139
7036
1327
4320
7152
4925
9338
7154
1091
2517
8429
2871
4590
7828
7011
5689
2861
9673
2143
9852
9042
2699
3875
7091
1481
3582
8693
9788
3475
8104
5927
7745
4185
4145
7594
6441
1247
9307
3592
9262
5149
2932
5709
4549
3433
8535
5558
8447
4913
2836
7393
6747
3780
3895
4112
8947
6763
9793
7479
7864
8531
2130
6821
9948
3961
4671
5827
4461
5518
9646
8935
6389
1392
1651
5865
7811
6861
7139
3775
1820
8104
7087
9862
4829
2867
4788
3857
6716
7050
1288
2100
3871
7336
8451
2406
6966
5731
6905
9048
9269
2972
7768
7827
9765
6780
2987
8003
7050
5592
8413
4694
7182
8021
2042
1402
2575
8545
2538
4286
4388
9964
4537
1416
3436
5827
8486
9278
5439
2994
3817
1470
9251
7046
3274
6548
7992
1307
2387
7488
9132
9743
2837
4879
3432
3207
3322
5615
4187
1489
1896
2056
4769
6280
6047
9277
3932
9875
3827
1605
4814
5303
7059
3346
6449
3359
3235
1150
4694
4447
2984
6788
4204
4240
6984
6653
9263
4207
6900
2007
5177
8942
3457
4575
9411
2675
1988
3544
5486
1302
7846
6366
4185
2088
7428
1763
3543
4997
4964
4632
1602
4506
5898
2352
2803
4183
8637
5577
1322
5242
7134
7287
7218
8330
6960
8379
1838
7555
2166
4767
3407
4419
4636
3728
3100
3001
7991
1924
7137
6082
7258
5971
9118
7055
5264
3151
3336
8955
7973
3991
6404
5923
1938
3987
4770
4643
2771
2218
5162
3178
1795
8776
6293
5579
2131
9391
7492
1755
2719
2164
9757
8996
5268
5418
1067
4373
4976
5243
9174
9171
9456
7213
8296
4048
5212
9843
9339
9693
4016
8104
8647
8014
2902
9050
7291
6735
6245
1779
1899
5066
5787
3338
7002
8864
1616
2003
9832
9791
9270
2914
1651
7953
2897
7638
3502
9693
3166
5963
2960
8308
8858
4267
1200
6200
7539
5071
8524
8176
9317
5964
9950
9640
3265
9960
8028
7877
9707
6392
1149
8391
9041
7372
8966
7356
3458
3369
6553
6327
5661
2670
3090
2907
4516
3327
1640
1028
6816
9740
6344
7449
4129
9859
1822
1619
4349
4479
8838
7779
9408
9285
1677
1787
7443
4608
2903
4505
4371
6910
1619
6797
7962
4517
8310
4516
3060
2847
7926
8895
5831
4069
6253
3649
5709
1391
9858
2849
8613
8070
4751
9154
5685
3286
6593
1417
4804
9802
4339
5370
4063
3792
2659
9567
2977
7556
6949
6461
7012
7850
3095
2007
9086
4917
5950
6027
8678
2465
7143
1120
6159
3742
8951
3970
7849
7379
9831
4445
9936
5550
2075
1761
3568
9661
9279
2747
1338
4257
5408
3389
9688
1572
2137
7459
5750
6999
7625
4688
3010
9755
2653
4677
5145
2877
9141
6816
4746
6408
5172
2646
9736
8189
8984
3908
5484
8505
2210
7905
2201
5362
7419
2052
2047
6915
6932
4790
2354
5196
6000
8983
4891
4572
3111
1187
6276
7294
1821
4147
9162
8260
7662
7932
2114
2745
1594
8738
9045
5622
3253
3664
1746
2899
3075
8704
6922
4598
7894
8320
5768
1475
1325
1718
1154
9440
7023
9002
4551
1044
2192
2408
5192
7356
5229
3082
8402
7546
8308
8034
8366
6309
1820
6236
8830
6827
2914
2837
1788
3427
1395
7588
5546
7394
7798
8473
4433
1762
4806
1710
1179
9717
4016
5380
8702
8085
5729
3921
2412
7025
6095
2148
1286
9814
4662
2801
4060
5547
6123
4604
6430
3930
3830
3860
9873
7244
7121
3579
1984
8907
4632
9322
5829
8829
9397
3151
2265
6395
3455
3426
8200
8425
6485
9506
4886
4950
7881
1562
9351
8559
5032
6017
5658
5198
9319
7573
2808
4005
9719
9105
8410
6879
8577
6371
9902
7108
8980
8855
4100
3258
6720
3778
3080
5709
5499
1484
2415
5230
1970
1648
6184
3269
7635
2565
2734
1436
8681
9143
7587
1663
2999
2639
5789
8736
4842
9698
1598
9457
9188
3407
6689
7711
9590
3274
8282
5124
5950
2283
5567
4972
8720
9589
7812
1959
5370
2966
6267
7625
8821
8195
7325
5392
1169
8602
7401
7864
3803
2990
7259
8485
5633
4495
3064
1032
6244
6886
5557
1124
7267
2956
5125
9464
5697
6179
1985
9132
7515
1984
4940
5099
7412
8883
1470
2328
6913
4022
4255
9101
2849
7087
4943
1485
2217
1629
9216
4503
3272
1662
9014
3016
5886
8070
3921
2566
1302
5485
2327
6872
1137
6055
6190
7425
2527
2131
2963
2115
8300
9730
4458
8326
1331
3096
4340
9281
1417
9694
1685
8708
9464
5732
9894
7761
2633
8268
5504
4868
6118
8055
4512
8183
7660
4291
1626
8580
8497
9690
6001
6571
2797
5088
3219
4190
5030
7989
8967
9604
6555
5272
3571
5696
8126
9486
9261
7413
1726
7253
7671
3139
8404
4157
4538
5141
5182
2937
6533
6231
1489
1645
7873
4926
8222
6655
2068
5368
1785
2506
8768
4076
1240
7698
4188
5383
1555
3818
7555
1877
9325
7939
1812
2434
7433
2423
8593
7650
9768
6498
2326
4697
2054
4449
1745
8889
4751
6072
3353
1480
8877
7132
6147
2400
5875
2792
4817
7661
2707
8770
5096
4331
3608
2780
3708
4683
4739
8840
1801
7074
9472
2292
6886
2830
3622
4315
4860
1390
5303
8421
8505
4564
8033
3954
3007
3413
2596
1546
1520
7602
4821
3210
6604
2456
6905
8445
1779
5112
2453
8470
8227
2592
6993
6608
7748
2548
8782
2926
2853
4916
4835
8996
3890
3341
5571
3596
3541
9864
6695
5056
4064
1407
4272
5617
7517
7292
9503
2127
1712
8068
4425
3553
1225
4155
7273
4009
3058
7791
4552
2972
9954
5755
1702
5584
8810
7315
3125
3140
6792
2219
9048
3139
5032
5567
7417
8421
7327
6792
8953
8821
7665
5656
5840
7213
9876
1629
4917
9488
6239
9557
8080
4785
8075
5825
4698
4953
8109
4345
6466
5291
6427
7164
7728
5818
8513
2223
5524
4048
4888
9265
2222
4848
5912
8057
7604
9569
7155
2465
8666
8704
3190
6126
9393
1258
6098
2060
5396
6007
4934
9950
3065
7139
4001
9100
5124
3066
5583
8561
1083
9484
4679
2039
1526
3551
4964
4701
2375
2712
5082
4162
4004
7769
7752
3517
3947
5833
8547
4346
4463
4943
3488
1679
1622
6278
4499
4303
3931
3284
8365
4681
1369
8009
9689
2857
4185
9193
2557
1657
7634
6917
8562
5716
8601
4993
3316
8618
1709
9920
7296
5630
1100
4704
4954
5094
3026
8709
7627
6739
9162
2455
5413
2456
5109
4407
3463
2351
9738
8866
9981
9076
1266
6700
8109
1841
1393
7305
3280
8308
3829
1078
6485
1209
1225
2827
8392
7272
5993
4973
4705
3733
8799
9822
9298
7891
9035
7279
8722
6279
5632
9282
5025
7036
8884
2417
2564
5990
5374
9240
8705
9001
4266
8600
1685
8042
6081
1770
7131
9072
5258
6442
4680
4924
2443
7089
3683
9478
8330
4264
2985
8679
2186
3206
1508
7863
4189
3677
9153
8802
5489
5862
8782
3265
6470
4592
6709
8445
5274
6178
5266
7458
1476
8204
8358
5426
7169
5602
7413
9940
4439
2308
1741
7064
2433
5628
7573
8245
5166
7585
1194
2757
3596
2244
1854
4464
7140
1011
1510
9373
8321
6821
9361
5181
2275
8209
8509
6356
9088
1204
5618
6489
5306
6443
4962
9706
1897
5079
9175
6290
6939
4813
6164
2748
8663
7397
5355
2960
9979
7496
7789
7400
9903
2168
4101
3328
2455
1381
9239
3983
4934
2946
5875
3592
4171
8540
7849
5687
6885
1570
6773
1272
3622
8142
2210
8500
2002
3604
6601
1700
1194
1150
7000
7076
4643
6561
8645
6509
8070
3370
3917
2009
1436
4752
7173
7578
9004
7061
6207
3714
1043
5354
3257
2087
1248
7589
5611
1705
1453
4686
3934
2726
5661
9748
5483
6921
3100
1596
4085
9044
1285
5542
3258
4276
9164
1240
6114
9307
3761
7914
6985
5236
3762
4185
3133
2706
9215
7184
6594
1440
2364
9612
6406
3364
8461
3049
5476
2825
8104
3418
7438
6137
6352
8321
5439
1629
4172
8475
1655
8574
7571
4377
5237
1618
8944
3419
4713
9137
6830
8324
6910
5095
8127
9293
3694
2521
4930
2485
6588
2030
3444
6386
6074
2729
5840
3957
7929
8222
3486
4325
5477
8119
8334
4112
3631
7201
5064
6807
8047
8727
7186
3826
8237
2483
1881
5739
9622
1889
7576
2851
6107
7331
5617
2930
1579
7599
1067
2730
6345
4475
9541
7769
3061
8153
9551
9269
8360
3924
2985
5746
8969
4829
9901
5530
7593
3852
2195
3684
5121
9831
4934
5497
1582
8143
9451
3568
9761
9366
8913
2832
8564
3013
6646
5103
6271
2805
8119
3719
1408
4503
9271
6175
9638
2734
7937
9691
4083
6436
5479
8224
7297
7532
8561
4796
9242
4671
8895
5721
3062
5311
6491
1274
4176
3157
7320
5561
2154
2298
7067
7828
8831
6556
4912
8996
3123
8102
2696
8620
3458
2553
3528
5381
5956
3838
2934
2623
5589
7909
2312
4487
6161
2521
4512
6111
8509
5117
6273
4667
5218
8669
8779
7084
8715
9830
5155
5231
9996
8066
8357
3303
4515
3187
1731
5819
3613
1314
5901
6232
6749
4041
9292
8238
3991
8253
9861
4411
3893
9441
2906
4246
1789
1137
5619
6103
9229
8211
1340
5086
1590
2989
3427
4061
6345
5460
6017
7853
2072
9428
9332
4312
1506
1523
5514
5141
3100
5016
6827
5084
9050
7214
3984
7471
3618
2618
5713
6667
4044
1353
2251
8536
6034
5601
5686
4447
1779
4629
2165
8247
5822
5412
1773
9121
1390
4473
8897
2618
2456
5389
3716
4246
9344
1041
3458
3438
1146
8747
9825
9096
1222
4201
6425
6178
8066
9497
9046
5629
6111
7800
9069
3023
9647
6332
2961
2853
5167
5336
6402
7435
8788
7425
6796
7839
5875
6007
1219
5964
7492
4659
3743
7176
9995
4755
9649
1193
9659
2343
5478
5038
8203
5069
3919
6211
5340
9133
5622
5567
7678
6123
1400
5628
8808
4449
7105
6358
5899
4544
3566
7215
3062
6515
5139
9946
1911
8114
3526
9836
3587
2946
5796
7852
8900
6934
5041
3521
2293
4218
6341
6525
7097
3978
2792
2211
7870
9823
5117
4008
1179
8672
4661
2728
1572
2789
4965
8611
3293
7891
2097
9805
1377
1328
6529
1966
5576
3711
6517
3507
6679
1322
2301
9689
1945
7728
6196
3841
9890
8718
7772
5649
8155
8968
8029
1902
7309
4386
4522
3966
1728
6892
3330
8910
3139
1112
5888
5801
2958
8689
4553
4343
7748
8648
2073
8802
7910
1240
5816
2339
9320
6189
3980
5158
6967
3276
7326
8485
9880
2604
3227
4985
1512
9117
7591
4802
6159
8375
8265
9798
3336
1480
5446
8163
9955
2074
8810
3143
3509
9046
7531
5386
7946
6996
6909
1196
6650
2662
1041
1464
9081
7133
4828
2992
9966
9456
7140
7502
5210
7819
4217
4163
9956
7894
4653
1825
5103
5080
9008
5666
9774
1491
8799
3783
1818
6123
6661
7277
9856
9839
3001
7631
7711
1141
6721
5987
9858
6268
3044
5671
1316
4192
2828
3457
7863
7026
1868
9216
4514
5042
7005
2067
7406
8924
2249
9320
7718
1512
3297
9468
5046
4054
6573
5016
7100
2310
5090
2334
3808
3295
6412
3731
5559
3428
6876
3548
1059
4342
5953
1445
9324
5938
7925
5269
2086
2701
6849
2243
5591
6608
9026
3036
7300
1471
3399
6750
4071
7566
8569
8542
6979
5427
6444
4327
7594
6150
4608
2998
9773
1745
5033
2030
8406
5494
2518
4630
1711
2868
7866
8943
8345
7357
5154
4122
7325
6110
7097
8692
8870
7158
9604
5997
9746
8690
5943
4940
4510
1953
7520
3989
5473
4429
9648
9095
9118
1272
3498
7717
4791
8541
3401
3511
4782
5833
2035
9833
7733
5224
7542
7392
1531
6267
8937
4625
1500
2710
2151
2023
6632
5418
9671
8700
6977
2591
7159
6171
9078
4180
5200
8084
9991
8676
7744
6855
8759
5390
2111
7460
6849
1661
8996
2821
6376
3090
8891
6355
6729
9038
8064
3632
8926
7209
5453
4386
9521
2743
3274
3100
6176
2493
6468
2921
4833
5554
1946
1063
2527
2697
5735
6834
6741
3273
1239
3444
8887
7026
5212
2642
6573
6051
9460
4226
7875
4550
5804
5589
8476
5230
8136
2642
5552
7986
6088
9459
9931
7636
6782
5825
1716
6489
2073
8982
8831
2327
4873
5017
9323
7159
3734
8620
3295
2340
8475
9573
9977
6332
8403
3241
1563
6162
6972
6972
2463
1808
2115
9851
9029
4998
1660
1568
1197
9046
2075
6111
7808
3140
3690
2314
8370
6847
9860
5097
7225
4557
1179
9109
7596
2298
4277
9095
8812
2691
6855
8933
9913
9388
7509
9210
3713
4320
6664
6592
7363
5596
5289
6895
7042
1551
4943
3974
9690
8117
1339
5962
5727
2242
6028
9915
7583
9376
2708
6075
6132
6488
2007
4149
2335
9909
9426
2114
5670
7499
6149
2142
2988
8946
6830
5225
7860
6177
8506
4459
7715
2881
7397
6119
3149
8596
5957
8365
7549
6763
3095
4841
3751
9333
9335
2955
4346
8977
9140
3816
4918
8633
6821
7328
2068
4295
6013
5271
6324
5624
6308
5212
4002
9195
4270
5102
2662
9538
6449
5475
5150
6776
4288
4433
4550
6304
2976
8093
4720
5499
6150
6789
2571
6000
9921
5965
4282
7138
5455
4919
5124
4680
2515
4617
9598
8918
9987
9112
3841
6758
4396
2724
8731
2548
5575
2926
5348
7030
4603
6584
7191
8915
8837
8094
3213
5706
2372
5787
3473
3772
6175
7178
3205
9787
8585
7830
4524
7275
6183
1690
7931
7061
6037
9215
1721
4535
1971
8801
8134
3876
2549
9493
7483
7573
2787
8449
4931
9838
9682
8490
3264
3591
6292
9668
4834
7238
5541
6155
7817
7195
1490
7266
5521
8251
9145
9477
2870
5089
5155
4042
2792
4009
4717
8079
8501
1035
6985
5234
3803
5545
4109
7272
6252
8662
8149
4599
9669
8225
3126
3017
6098
9201
8973
5936
5418
2067
3530
4802
8364
6882
8281
5229
7864
3868
2609
2532
7465
3001
8773
1493
1522
4018
9636
6926
1899
3951
2615
2682
1083
3682
7291
1427
7045
6206
9688
6637
1152
1170
2128
8074
1962
8465
2940
9639
5629
8974
6757
6699
9599
1764
6815
8181
1490
4274
8037
9365
2800
3237
9923
7230
3722
6836
5662
2725
2271
9910
4507
2021
8437
6738
4391
5036
6461
3856
6710
5287
4912
4894
5927
1926
1648
4353
7162
9478
6612
7044
5323
2457
1202
8762
5817
6298
1041
3354
7754
2514
1535
4745
4215
3767
1057
7020
9033
8657
5068
5428
9015
6142
2840
5989
1049
3906
7446
2255
8367
4195
5203
5874
4179
2273
1586
7649
8027
8648
9194
2720
1887
2064
3526
9040
1468
6378
1511
6654
4483
7671
2293
4330
6289
6412
9202
1348
6754
5848
2325
3950
1778
3418
8140
1748
7402
2750
2748
8486
7676
5404
1094
4160
3318
8948
5586
9415
6160
8826
4335
2948
6463
1362
5795
5732
8148
9708
9088
3429
7664
1362
1819
7549
8521
7482
8131
1254
1163
6365
8567
8475
9600
7460
9305
1703
6499
2707
7738
8844
3765
6274
4948
2707
7723
6774
2211
8489
2600
8232
5223
8124
8699
2805
2802
9087
9000
6226
5342
1563
5384
5582
8459
8598
4426
2374
2758
3254
1738
6037
9256
3040
9143
5340
7590
9815
6382
9412
8093
7434
5086
7760
5167
5015
5413
1982
3333
3967
5698
2140
9035
9769
7443
9101
4082
9591
5937
2047
3639
9492
2670
7421
1489
3088
3043
5783
5662
3129
5191
3138
7178
3947
5224
9706
5305
9828
3671
7413
8953
7527
8834
5953
1007
2290
5011
1742
8048
2575
9121
6857
6111
1052
2652
1246
4329
1046
5595
4022
2935
2469
8284
2846
3976
9466
9764
5661
4948
1920
8252
5739
1411
7923
4385
4245
3556
9263
3797
9042
9813
3480
3468
2339
3834
6564
2922
5894
8684
5289
3991
2582
7889
9330
4481
3623
7771
9608
8023
2241
3587
4434
3356
1682
8184
1257
7358
6803
7410
6429
6721
2862
1805
1817
4859
7255
6801
7590
9672
8366
5804
7249
2523
2728
6119
6311
1987
4763
2738
6707
5498
4313
3177
7499
9258
4908
9070
9546
5636
6202
6020
7585
1397
9708
5234
4348
6695
7052
6380
1362
2715
3595
9723
8740
6469
3217
7966
4938
8221
8992
9284
4967
8622
1240
7139
5938
9954
5147
3561
4624
2159
4563
6500
8529
1351
7512
8920
9556
7410
3048
9737
3133
5124
7535
2769
3823
6084
4669
7371
7214
8290
4917
4505
3755
7309
7328
3496
1655
1018
7524
7029
5125
5757
1181
1764
9528
4687
7385
7680
4916
1967
4352
3786
7853
8103
3629
5760
9518
7811
6757
3169
2668
5664
3576
4195
9425
9832
4687
5464
3190
8016
5529
6076
1256
5180
3159
6483
9081
7619
9439
7810
9178
8313
9173
8258
7880
9437
4804
9422
1517
3462
4295
5761
7309
8306
4079
5477
2116
1139
4496
1927
7693
6581
2951
2815
4638
4337
7974
2372
8955
5462
2309
5611
7073
9630
7602
8693
4195
1704
7544
1429
4785
5494
9033
4837
6780
1919
2331
3126
2795
4216
3061
1678
9706
7141
4595
4928
4623
1913
8331
5024
6591
6606
8707
5840
1961
9310
1103
6018
9999
3508
4988
4617
4019
5331
9580
1074
6121
7500
4461
9121
3600
8027
3153
2079
6557
1673
7300
8532
8336
9725
6695
1508
1762
5824
1042
5075
7052
7579
8109
6698
2576
2047
2029
9629
4148
5755
5201
5754
1958
2908
3245
1029
1491
5280
3915
9052
4019
1691
1523
8341
1276
6579
5778
9745
1864
6531
5319
8877
5380
4858
7190
4815
6130
9346
5686
9260
4257
8128
8661
1936
5977
9446
8507
9872
2154
6665
6262
8974
8684
3902
8928
5643
1099
2042
4240
6259
5808
2431
6413
6166
9883
3452
8393
7781
7714
8189
7554
7472
4363
3472
5626
9051
4382
9136
1689
6169
7796
3391
2415
7100
5026
9369
8055
8289
9406
3584
2034
7947
3474
8463
8793
2374
2501
5271
8049
1874
7651
9107
6863
6999
2732
6388
3813
2030
8492
8080
1217
8666
5131
5991
4753
1364
4960
6115
1578
9993
2072
1502
2762
2954
8491
9282
7949
9951
8907
9852
8322
6601
4644
8355
3377
4558
5155
5860
5185
6633
4217
5403
7977
9830
8091
6776
2142
2844
2517
1787
4628
5141
4295
7404
9148
5365
3682
1110
6198
8996
7296
9208
5839
1569
6775
2910
5502
3994
4703
8652
3948
4775
2678
8345
7780
2171
9311
5544
2133
9283
7222
6938
5627
9066
5363
9408
6327
6904
5524
3952
2461
8846
7644
7948
1932
3365
8777
3359
6315
3887
5205
3545
6156
1841
9490
3754
6440
8600
8454
1696
8733
3900
5361
1758
5809
1489
8697
5378
9011
2907
3519
6322
4184
1449
5119
9371
7121
7475
9008
3278
8500
2078
5985
3414
8208
7199
3830
6225
3280
3067
3564
6100
1158
9285
8968
7792
4056
8986
3794
9895
2895
8383
7170
1404
6478
7124
1845
1079
6767
2916
7689
3460
3462
8810
6954
2019
6188
4212
3129
7504
8430
1460
4721
7890
1928
9825
4644
9986
6313
7814
5529
5525
8010
6039
1857
8763
4284
2441
3298
5772
7222
5543
9655
1730
3377
2845
9221
5038
3119
3386
9432
3661
7835
8728
7874
5750
6186
5773
1574
3174
7994
3302
6058
2219
8113
7869
2673
6204
3839
7320
2721
4897
9139
7720
3916
5589
7814
6891
9132
2380
9755
2577
5951
4734
6410
4796
8934
7848
3005
9644
9921
6202
7691
9644
7037
1074
6627
8049
2831
3115
7928
9242
3216
7497
6857
6022
6760
2214
7471
5619
2607
7631
2006
6125
1342
2605
9202
5076
6946
6374
7800
2413
7554
8387
6193
4445
4405
6665
9164
5383
1902
4424
2570
4985
4757
6238
5143
1563
6293
3783
1065
9757
4809
5367
1038
2480
6356
3754
5732
3356
1223
1708
7993
4375
1989
6079
2882
3957
3827
5976
6857
7777
1783
8055
9721
6696
4865
2837
2157
3246
7854
5963
2591
7694
9634
2256
7765
6425
1933
7411
5250
1307
4395
3933
7369
3980
9630
6264
8517
9410
1144
5552
8004
6697
5914
7105
2314
7522
6204
6012
1920
1540
9545
5925
3247
8979
9741
9037
4218
1122
7125
9447
8581
1213
3232
3273
3218
6634
9436
4392
8961
7412
6100
7678
2773
4966
4736
6228
3581
5456
3839
9581
3475
2913
6235
5631
6481
4608
4295
9387
7422
6747
5064
5868
6598
8031
6548
9572
8435
3076
1077
5551
8587
6613
2802
4226
1944
3981
2412
5367
9109
4618
9453
4468
1977
4638
4643
1865
6516
1156
1963
4027
1796
9101
7970
8633
9177
8186
9802
2250
2377
1102
8476
9824
7824
5795
6828
5286
9080
2079
8540
5732
9408
8201
9331
8712
6579
5437
8649
4921
3448
8923
1408
8562
5212
8751
6387
7315
3934
9063
2399
7985
5545
4171
8235
9743
7395
1306
2123
7655
6743
6628
4998
4055
3814
7697
9864
8231
1460
6657
1737
2925
7737
3016
9999
9100
6547
5667
4389
9058
7233
8652
2375
2054
7800
9460
6067
4259
8866
1856
3597
1109
2531
4460
9550
4010
1334
1950
1979
5118
4309
2993
3183
9639
1629
7673
2118
4339
7668
7421
8099
7204
6343
1227
4094
1100
9952
1160
6638
6908
6751
2508
1764
4754
5805
5797
1564
3941
7862
3471
4503
4804
6799
7511
8427
2976
6826
5782
5463
8974
4968
9209
8225
2605
6781
5309
9442
8178
6731
5904
8548
1655
1834
4709
2300
3859
8799
5430
9481
6916
5606
7794
8384
3055
3183
4006
1239
6524
7404
7815
1328
5818
7497
7366
1901
7016
7543
6167
1360
2523
6371
9052
6748
7809
4244
3073
1546
2334
8725
1503
3707
1768
8286
5329
5891
4429
5035
8106
9213
2487
4975
5143
3127
1309
7422
9269
8846
2098
5110
2828
6760
4809
5152
6688
8382
7845
3049
7917
8686
1280
2513
4560
2069
3458
8060
1839
1896
5857
2476
9186
2293
9329
1166
8305
9543
1788
1044
3364
1912
5737
3993
4040
3032
2964
4513
4135
6054
4423
8802
9399
1746
8716
4398
8293
8769
1055
8714
9691
8112
3757
6711
3127
6223
3516
4858
7541
3776
7017
4837
6980
6725
3826
8904
8964
2083
1636
2220
5040
2473
5315
8963
4746
3935
2607
7894
1257
4157
8588
4228
5693
9739
6825
4793
6593
6646
9783
3599
1687
6148
9187
9111
7439
5214
3170
4800
5830
6537
1216
2645
3272
1101
9633
8808
1037
4569
9116
1743
9470
3653
1899
8520
8521
9733
2132
2247
3744
5751
4310
2706
3719
6861
3274
5229
3439
5344
5114
4778
1658
2625
3038
7452
8272
7323
9952
9087
4424
4783
7195
1809
5839
5431
9168
1052
9514
7913
6081
7407
4979
3104
8970
4510
7844
7659
7172
9598
5556
1542
5034
5755
2712
8712
2872
5989
6659
8237
5403
8098
4260
8127
5910
8553
9886
9773
7293
4954
6007
8756
6810
9528
2287
1879
3534
2248
4618
1258
1585
9151
8868
4256
2425
2134
2006
1923
3979
4134
3619
4720
1257
6985
3555
5222
2709
1617
7103
5443
5306
1539
1536
2108
3752
3961
5706
7509
8549
2374
9897
5796
5466
7579
8830
2382
1731
6389
2103
7443
7991
6260
7153
5061
1645
2002
8045
9374
1999
6476
1405
4786
9881
2340
7055
8800
1365
2923
2051
9546
9210
4391
2282
4310
7460
6926
8603
8367
5297
2040
9222
1081
5111
1716
6984
8913
9061
2557
8360
5507
1833
5064
5036
4660
3529
9444
8380
3873
7405
9924
7498
3661
8094
5833
4003
4973
1461
2557
2604
8280
2014
1436
6323
6796
1513
3753
9136
5503
4836
4736
5594
7100
3383
2223
5867
8577
2560
2477
5160
3039
8018
5346
5566
2983
5531
9522
3513
5924
3539
4625
6959
1546
3117
7075
5404
8142
5223
7275
5791
6426
5476
3610
6502
5436
4086
9276
6056
5685
1798
1760
6655
5387
1545
5736
1965
9912
8416
1499
6056
7454
2239
1344
9206
6417
6229
9683
4024
5341
9662
3632
7161
6966
8495
4350
3255
1406
4355
7773
4083
6203
7974
1536
6412
8494
3343
8222
1578
6946
1079
2686
7974
1367
1695
7689
8237
7638
8776
3565
9956
8256
5667
2129
3917
3680
6604
7137
7228
4838
3109
9524
5946
7770
5710
8523
3134
3136
1879
7831
3933
3421
2052
7728
5519
9844
5733
2911
8923
1383
5274
2424
9095
1107
1381
3941
9739
7799
8804
8992
8205
8548
8591
4781
9013
7594
7517
9963
1364
8440
6551
2945
8669
4703
7824
8380
1132
4935
5193
9512
3841
4924
9615
7155
3746
6748
6307
6771
5685
6378
9167
7438
2001
7213
5157
8974
6196
4650
8647
9640
4470
9430
3128
8228
3360
4765
8370
2963
4962
4699
9030
8821
8449
2489
2732
3293
2435
5424
9997
7772
1665
4643
3120
7039
2527
8260
5936
3867
3726
4384
6130
1889
9721
6293
6706
9861
6414
2268
3561
6535
8219
4713
9995
4191
8802
6709
2085
8236
5764
1575
1244
4899
6315
1555
9331
2737
6627
8169
6687
5817
4309
9568
6102
9278
4307
3623
6832
2068
8864
2804
9194
3829
8731
4605
2292
9337
8928
6391
1948
1795
8462
6240
1305
9858
8407
4761
4257
1409
7212
2091
4608
1301
3622
3336
5405
6019
1113
8646
7653
3048
3949
8438
1680
9175
9783
1073
7023
8367
2054
5948
6108
7065
4076
1227
9870
4760
3435
3892
6897
4736
9866
5652
8830
3903
5805
4390
8771
5086
7515
6541
6685
9628
8008
7395
7728
3178
8300
4324
2111
5317
1101
2118
6840
8747
8902
5061
2707
8544
9317
3151
2654
9831
7410
7406
8969
3274
5762
8002
2157
6094
8893
9867
5410
8464
7801
6628
2494
9428
4136
8071
2846
5791
6174
6318
7949
1922
5701
8020
7161
8444
9124
6321
9950
6116
6719
8633
3464
3471
9895
5453
2732
5593
8443
4987
2969
4206
9478
2126
5400
1651
6969
5241
3862
8912
7924
8357
9269
3665
3005
4913
4005
6018
9765
4933
5011
6241
9836
8761
9724
1002
9981
2497
8255
5006
9138
1825
9997
5815
9753
4653
7283
4750
8454
4895
7663
5683
1068
3631
9954
7251
7292
8557
7747
4328
5732
2801
9468
8071
9443
7619
9514
5683
5951
6980
9987
1491
8702
4089
4096
6102
7123
7139
2262
5303
3892
3537
9356
2313
3610
6627
3199
3283
4138
2239
6070
9057
8761
3563
3622
5329
1992
7124
4954
1550
9477
6879
3840
4372
1006
1676
1441
1530
1415
1892
7639
8434
5802
9944
1788
3597
9796
9183
7154
5295
4037
3439
2740
2215
4947
5814
5264
8608
5547
1243
4677
8652
1613
9358
1943
2813
9402
7684
5723
5163
3502
3538
9961
7093
1541
4700
5064
6374
9461
4239
3515
1252
6280
5510
4658
1156
3416
6235
3979
3410
7408
4096
7965
1193
6032
5962
2916
4189
9737
9395
1431
5087
9208
4957
8358
9275
6082
8038
2793
3676
5649
9253
9748
4938
7679
9536
5334
9885
3665
3673
2700
9593
1514
1983
4318
9958
5915
9345
3800
6991
1876
3012
6708
2696
2684
5917
3180
2322
5815
4094
8167
4618
1840
4418
9078
6929
3853
7892
2347
8576
6049
5830
8924
5071
4399
3708
4377
1096
5705
5105
2624
7543
5273
9284
1788
6554
7877
4407
5649
4455
7604
2684
3476
5865
5850
5650
2103
5878
3404
9819
2473
2976
8236
1379
2962
2880
6966
8050
8825
3385
6649
3173
9197
8627
2884
8576
8225
1274
6853
4973
6724
6017
4040
6981
8572
5105
7561
8302
3151
8308
4367
7931
7083
5456
1040
5940
6587
5656
7140
7110
4029
5918
1191
2172
1647
2095
4550
2612
9483
1865
5793
8903
6634
5640
4661
8336
5309
8734
3039
1486
3341
8458
1608
4657
4726
3202
3576
9289
7905
7505
4539
5904
7955
5273
4343
1924
5358
4947
2733
9804
3490
5914
4342
5710
7298
1059
9728
4038
1347
2771
7017
1623
4078
4538
3247
8063
9651
9569
9493
8440
1177
8576
8552
6963
9836
6227
9564
6567
7698
7709
6379
9235
1189
5400
3314
8246
5861
8336
3180
3596
9475
1684
9390
5492
6734
6991
5759
7480
4170
6379
7948
4635
7626
9983
7942
7898
8968
4416
5554
4004
9342
9832
4745
1805
8524
2191
4658
5421
5913
3653
3554
6580
9779
8694
8045
9237
3468
2271
4280
3635
3619
6682
2999
5723
6355
1396
2724
8625
1098
7990
7819
6862
9514
2270
3596
4244
5859
1209
6719
6560
9152
3385
8599
9710
7993
1616
1230
3053
5679
4359
3191
5444
9115
9002
3829
9599
4853
9731
5022
7257
6438
6605
1922
5867
7026
9204
2770
6933
9112
8253
7534
5970
7642
5494
5518
1325
9897
3539
7821
9847
9599
6960
7525
3466
4046
2803
4189
3770
8711
8906
8161
4896
4282
8303
2898
4891
5076
6486
7336
8855
9759
1911
8883
6816
5112
6260
2678
5256
2564
3999
9644
5947
9829
1435
2142
4966
7264
5165
5830
9543
2003
2437
8555
6592
3984
4089
5026
6170
9232
2770
3167
6253
8950
7520
7004
9000
8244
6250
5280
7490
8700
8425
7578
2371
5627
7575
9204
9392
8835
8218
3738
9289
8869
4548
7432
8164
7044
5234
3318
4798
8989
9335
6891
4566
7119
1137
2862
1172
2750
2105
1374
4931
5450
3175
7190
6415
6317
5379
6729
7359
4859
6960
8834
8981
7888
6036
7103
5981
2325
8295
4177
2922
8513
6528
5447
9989
3696
4401
9421
2649
8262
9290
7285
2722
6736
1196
4250
6356
6378
6881
1819
2819
4523
4425
8368
2663
5269
6638
9714
2374
8670
9314
9724
3892
4479
4860
7374
1289
8654
4006
5778
5242
6119
6482
1786
5923
2372
7193
9045
5102
6209
9887
9357
2744
4715
8830
8434
1704
5252
6130
9079
1869
4590
5332
5359
5591
1754
7058
6633
1477
2731
4431
5261
8881
3366
6663
3393
4138
1453
2484
2508
8644
9790
1021
8142
9383
1357
7322
8348
1891
4899
8823
7311
2648
8591
6322
1479
4261
6936
9010
6660
2832
6382
2534
8615
3406
2322
7539
4481
7594
1652
7457
1102
9986
5680
4127
2809
7840
7986
1152
6747
4953
2229
6176
7783
2198
1279
3113
1769
8886
9193
9447
4022
1144
2045
8553
3917
7211
7394
8751
7056
7717
6752
7380
6982
3121
8797
9839
7041
1950
5049
5789
5382
2381
8877
4470
5146
7117
2519
1187
8925
6677
2792
2457
7411
5991
3090
4416
8950
7806
9945
7636
9603
5183
6825
2243
2971
7972
9152
8796
8419
5925
7520
3905
7075
4333
7797
7756
9056
5151
6753
3205
3394
2671
4649
8678
5321
8286
8180
5116
8544
8198
9086
1591
7843
2302
8324
1353
5235
3982
1232
3634
8415
7061
5228
6035
7445
7543
8537
2001
1982
1198
1853
9295
8726
7533
5952
8326
4805
9082
4217
2303
9760
7253
4340
8674
8408
1311
6617
4428
1271
7556
8865
7515
3376
6034
9462
7194
4690
5372
1112
8651
5613
9295
3895
7263
1062
1145
2161
9394
5880
9631
4060
9169
8082
8743
2081
2407
1861
5007
2265
4854
5849
5822
4891
8888
1647
1373
5590
8074
1692
9122
6874
9814
3568
3587
8574
5118
9784
5248
6776
1551
6407
3565
7637
5512
9378
7095
9770
2779
5585
3494
6866
1642
8503
9937
1128
5585
6620
5281
9639
5959
1555
6544
4958
4081
9338
9459
2285
6930
5267
7455
7347
7437
7929
4043
1421
5515
4207
8523
5971
3562
3812
3238
7279
5824
9028
6868
3374
4418
5814
8565
1691
1650
6500
9248
8624
6945
9554
5372
9693
2006
1980
2795
7664
9741
1955
8913
6776
3078
8503
4109
8619
2161
3760
5558
5054
6706
1899
2202
2485
4036
5736
8178
9265
6495
4052
2589
4198
3164
5358
4863
7936
6673
8565
5841
3674
9517
4683
4699
8242
2012
8235
1306
3902
7024
3378
1291
4841
3741
1989
1354
8907
5624
7146
8636
3497
9273
6554
7661
3192
1901
6020
9465
6162
7963
6322
4484
3659
4862
1212
9849
2543
2162
3813
9179
2938
5038
1113
8523
4112
3348
4659
4041
8597
5605
6187
4717
8286
8949
3662
5307
6486
3036
2500
6649
2014
8541
9746
6233
5224
4288
8105
1314
1493
8198
6723
3083
2190
4243
2818
6524
1993
9441
8753
3448
4475
5643
9632
1298
6884
2976
3727
7612
7998
4708
6751
6473
8979
7662
7636
9750
1381
6088
1134
7269
1151
9397
3869
5138
2956
4151
8668
3751
3788
1798
2531
6139
8609
6201
9539
2895
6553
7474
8196
7764
6139
3868
7290
6142
8223
4638
6955
9374
2812
9589
1394
3289
4668
8277
6341
3894
5725
5968
8790
9689
4036
5624
5788
9644
1180
1236
4025
7419
6539
2548
8392
4019
3928
2353
3809
5667
6327
9722
1674
6672
9830
5349
5659
5112
6643
1374
3648
5505
8016
9264
7864
5704
4683
2291
1448
3187
3726
5485
8209
8740
5823
9475
7271
1323
1609
8111
1213
1227
7756
1212
8004
7088
5508
5069
4263
3187
6920
3853
5707
1462
8472
7454
5593
3078
1396
3933
8922
6239
9569
5638
7743
8319
3491
1535
1542
3731
3187
2395
2782
5771
8478
4187
7499
6873
4027
7965
6928
3280
4335
3004
2940
1305
5552
1470
3265
2228
8051
1243
8919
5386
2248
7085
8248
4938
4867
2640
5984
1890
5316
4772
5316
1566
7916
9431
8134
6655
1686
4800
8210
6374
8946
4373
9899
7377
3630
6442
2890
4464
1593
6282
6357
5807
5488
2717
3771
5176
2433
5204
5341
1064
6633
8490
8992
7464
4171
5070
1655
9774
8917
8122
6709
7112
2848
9422
3645
6460
3168
3220
7353
3678
3556
6979
7312
5462
3387
5101
9286
7700
4664
5870
1439
7320
6123
3506
4420
2725
6785
7381
6083
1916
5997
2320
4813
6185
4760
4239
1825
9031
9234
8733
3396
9278
9643
1004
1937
9644
4259
9933
9052
7864
5575
8559
4179
5409
4664
3206
6786
7191
8134
1760
3407
7851
4829
9843
6305
9385
2617
7091
8107
2443
3395
1399
1032
7306
4575
3479
3146
3025
1644
5994
2997
6173
3823
9392
5052
7746
7810
6440
8483
6206
4545
5924
5551
4700
6641
3643
6189
3383
1961
6955
7067
1936
3339
4862
2425
6021
7215
8732
3281
2819
9800
2039
5459
3264
5307
8238
1157
3929
4503
1371
3097
1868
9294
7862
7853
9821
3962
3026
2673
9371
9432
2078
3291
2335
7277
7783
2921
1157
1978
7342
7365
4250
7990
1809
4401
7429
1873
1030
1016
5473
3078
7424
2633
3600
6018
9100
2273
8939
4670
3254
2434
2850
5939
6554
9539
9742
1366
1571
8930
1373
5793
6713
7844
8890
9663
4306
3230
6058
5674
2793
6144
6401
2999
7877
5633
8242
3250
5059
7966
4963
7898
9455
8922
1981
5560
7929
1250
6928
2151
7793
6603
1057
1190
5252
3164
7225
2011
2849
8120
7491
9622
4938
1184
7275
2917
9044
4812
1585
7065
2263
7376
9049
8181
6723
3231
6813
3980
8170
2874
7267
9053
2151
1512
4469
8857
6474
8953
8957
7975
7649
3642
6066
9721
6690
3726
1901
3844
2238
1063
3259
8609
5083
4428
3924
4652
4430
3302
4739
7871
9827
2887
5896
6986
5898
1062
2378
7780
6014
2456
1882
8369
1065
9866
1921
7786
7471
7102
3728
5819
1894
1573
5941
7637
1185
9919
1940
1711
3463
9898
4728
3592
6331
5925
3734
9787
5357
1049
2120
2428
5013
6803
3759
2713
6884
6366
9334
5255
2079
1791
7819
5121
7390
7069
7944
6683
8997
2402
1921
7024
8647
8799
4748
1503
5470
5608
3587
8702
3912
5500
9028
9439
9088
1598
8077
2355
7976
1450
9954
2687
2200
9980
1575
4299
7890
2024
1073
3262
9279
8671
3354
9565
3788
3589
6330
7812
7838
8687
4497
5808
9802
2177
7494
8598
3963
2510
2061
3423
5376
8386
7528
5648
6823
9076
9965
1715
1528
2937
1195
4288
9541
2445
9358
8798
1188
1775
1222
9871
5475
6765
6501
2033
2112
6884
3225
2929
4440
9041
2247
4765
2138
7564
3573
8544
2357
8279
4172
4525
2151
5348
2592
8681
1748
2251
8381
3128
2250
3359
3898
7688
8859
3957
5564
6597
4861
2692
8749
5760
1562
5417
8211
7572
1913
6772
6555
9950
4222
9715
4772
7506
6034
4103
8511
7913
7437
5017
8735
9201
8506
8090
8111
5453
2377
2494
7315
2422
7255
5279
1711
9586
7099
3148
7287
1340
3602
2121
1042
3594
4353
1696
3728
1082
3346
7106
7312
2334
4128
7061
9831
7501
9211
6295
3107
9999
1685
6566
5496
7069
9451
3001
3499
4744
1119
6966
5007
7686
5103
5405
6844
1152
5163
5176
8941
5529
5410
3269
2639
6467
6789
5823
9589
3350
9810
2999
2765
5769
8905
2388
7002
3474
7978
8128
5000
5161
1691
8742
8184
2949
3799
5264
1368
2695
1227
3506
7380
1335
5956
9536
3062
5389
2664
5537
8948
5212
3403
3684
9722
2553
2877
5337
3672
8318
8688
6269
9740
2303
9846
8181
5345
2817
8931
6151
4884
7962
2449
2850
6242
9427
7759
1899
3848
3285
8437
4374
6057
1762
7996
2567
2229
8354
8699
8881
8334
9785
7843
4846
5007
9992
9850
9084
4841
1280
1328
3674
6042
4814
3396
4300
5479
9552
7058
9512
8303
5644
6401
8602
4385
3961
4804
7564
5904
8633
8173
6835
6333
9167
4617
2382
9481
3290
8685
2960
7259
4937
4065
7219
6820
1950
6260
4574
2753
7750
1211
6260
3884
8251
8468
5860
7332
5856
