1000
1002
1002
1004
1006
1006
1007
1007
1008
1011
1013
1013
1014
1016
1018
1019
1021
1022
1022
1023
1024
1024
1026
1027
1028
1028
1029
1029
1030
1031
1032
1032
1034
1035
1035
1036
1037
1038
1038
1038
1040
1040
1041
1041
1041
1042
1042
1042
1043
1043
1044
1044
1044
1044
1045
1046
1046
1046
1049
1049
1052
1052
1054
1055
1055
1056
1057
1057
1057
1057
1059
1059
1061
1061
1062
1062
1063
1063
1064
1065
1065
1065
1067
1067
1068
1068
1072
1072
1073
1073
1073
1073
1074
1074
1077
1078
1078
1079
1079
1080
1081
1081
1081
1082
1083
1083
1084
1085
1085
1086
1088
1090
1091
1091
1092
1093
1094
1094
1094
1095
1096
1098
1098
1099
1100
1100
1101
1101
1102
1102
1102
1102
1103
1103
1103
1105
1106
1106
1106
1107
1108
1109
1110
1111
1112
1112
1113
1113
1113
1114
1116
1116
1117
1118
1119
1120
1120
1121
1122
1124
1124
1124
1128
1128
1131
1131
1132
1132
1132
1133
1134
1136
1136
1136
1137
1137
1137
1139
1140
1141
1141
1141
1143
1143
1143
1143
1144
1144
1144
1145
1146
1146
1146
1149
1150
1150
1151
1152
1152
1152
1153
1154
1155
1156
1156
1157
1157
1157
1158
1159
1159
1160
1161
1163
1163
1165
1166
1169
1169
1170
1170
1172
1172
1174
1176
1176
1176
1177
1177
1179
1179
1179
1179
1180
1181
1181
1183
1184
1184
1184
1185
1185
1185
1187
1187
1188
1189
1190
1191
1192
1192
1193
1193
1193
1194
1194
1195
1195
1196
1196
1197
1198
1200
1200
1202
1203
1204
1205
1207
1207
1209
1209
1210
1211
1211
1212
1212
1213
1213
1216
1217
1218
1219
1220
1221
1221
1222
1222
1222
1223
1225
1225
1227
1227
1227
1227
1227
1228
1228
1230
1230
1232
1232
1234
1236
1236
1237
1237
1239
1239
1239
1239
1240
1240
1240
1240
1243
1243
1244
1244
1246
1246
1247
1247
1248
1249
1250
1250
1250
1252
1252
1253
1254
1255
1255
1256
1256
1257
1257
1257
1257
1257
1258
1258
1258
1259
1261
1261
1266
1268
1270
1271
1271
1271
1272
1272
1272
1273
1274
1274
1274
1275
1275
1276
1276
1276
1279
1280
1280
1282
1282
1285
1285
1286
1287
1288
1288
1289
1289
1290
1291
1291
1292
1295
1297
1298
1298
1301
1302
1302
1302
1302
1303
1305
1305
1305
1306
1306
1307
1307
1307
1309
1311
1311
1312
1313
1314
1314
1314
1315
1316
1316
1317
1319
1319
1321
1322
1322
1323
1325
1325
1326
1326
1327
1328
1328
1328
1328
1328
1330
1330
1331
1333
1333
1334
1335
1336
1337
1338
1339
1340
1340
1340
1342
1343
1344
1344
1347
1348
1348
1349
1351
1351
1351
1353
1353
1353
1354
1355
1357
1358
1359
1360
1361
1362
1362
1362
1364
1364
1365
1365
1366
1367
1368
1369
1371
1372
1373
1373
1374
1374
1375
1377
1379
1381
1381
1381
1381
1381
1382
1383
1388
1390
1390
1390
1390
1390
1391
1391
1391
1392
1392
1392
1393
1394
1395
1396
1396
1397
1398
1399
1400
1402
1403
1404
1405
1405
1406
1406
1407
1407
1408
1408
1409
1410
1411
1412
1412
1413
1415
1416
1416
1417
1417
1417
1421
1421
1421
1422
1424
1425
1427
1427
1427
1427
1429
1431
1431
1434
1435
1435
1435
1436
1436
1436
1437
1438
1439
1439
1439
1440
1440
1441
1441
1441
1442
1445
1446
1447
1448
1449
1450
1453
1453
1453
1454
1455
1460
1460
1460
1461
1461
1462
1464
1464
1465
1468
1470
1470
1470
1470
1470
1471
1472
1472
1473
1475
1476
1476
1477
1477
1479
1480
1480
1481
1482
1484
1485
1486
1487
1488
1489
1489
1489
1489
1490
1490
1490
1491
1491
1491
1493
1493
1494
1495
1498
1499
1500
1502
1502
1503
1503
1504
1504
1506
1507
1508
1508
1509
1510
1510
1511
1511
1511
1512
1512
1512
1512
1513
1514
1516
1517
1519
1520
1520
1522
1523
1523
1524
1526
1527
1527
1528
1530
1530
1530
1531
1532
1535
1535
1536
1536
1536
1536
1539
1540
1540
1541
1542
1542
1542
1542
1545
1546
1546
1546
1547
1548
1549
1550
1551
1551
1551
1552
1553
1554
1555
1555
1555
1555
1559
1560
1562
1562
1563
1563
1563
1563
1564
1566
1566
1568
1569
1569
1569
1570
1571
1572
1572
1573
1574
1575
1575
1577
1577
1578
1578
1579
1579
1580
1582
1583
1584
1584
1585
1585
1586
1589
1590
1591
1591
1591
1593
1594
1594
1596
1596
1598
1598
1599
1601
1602
1602
1605
1605
1607
1608
1609
1610
1612
1613
1615
1615
1616
1616
1616
1617
1618
1618
1619
1619
1619
1619
1620
1620
1621
1622
1623
1624
1624
1626
1626
1628
1629
1629
1629
1629
1630
1630
1632
1633
1634
1636
1640
1642
1644
1645
1645
1645
1647
1647
1648
1648
1650
1651
1651
1651
1652
1655
1655
1655
1655
1655
1656
1657
1658
1658
1660
1660
1661
1662
1662
1663
1665
1665
1668
1670
1670
1670
1670
1671
1672
1673
1673
1674
1675
1676
1677
1678
1678
1679
1679
1680
1680
1681
1682
1683
1684
1685
1685
1685
1686
1686
1686
1686
1686
1687
1687
1688
1689
1689
1689
1690
1691
1691
1691
1691
1691
1692
1692
1693
1694
1694
1694
1695
1695
1695
1696
1696
1697
1699
1700
1700
1702
1703
1703
1704
1704
1705
1706
1707
1707
1708
1708
1709
1710
1711
1711
1711
1711
1712
1713
1713
1714
1715
1715
1716
1716
1716
1718
1718
1720
1720
1721
1726
1726
1727
1728
1730
1731
1731
1732
1732
1733
1734
1737
1738
1740
1741
1742
1743
1744
1744
1745
1745
1745
1745
1746
1746
1748
1748
1748
1751
1752
1752
1753
1754
1754
1755
1755
1757
1758
1758
1760
1760
1760
1761
1762
1762
1762
1762
1763
1764
1764
1764
1764
1768
1769
1769
1770
1773
1774
1775
1775
1778
1778
1779
1779
1779
1779
1780
1781
1783
1784
1785
1785
1786
1787
1787
1788
1788
1788
1788
1789
1791
1791
1792
1793
1794
1795
1795
1796
1796
1797
1797
1798
1798
1798
1799
1801
1803
1804
1804
1804
1805
1805
1805
1805
1806
1806
1808
1809
1809
1810
1812
1813
1814
1815
1815
1817
1817
1818
1819
1819
1820
1820
1820
1821
1821
1821
1822
1825
1825
1825
1825
1826
1828
1829
1831
1832
1833
1833
1834
1835
1835
1836
1837
1838
1839
1840
1840
1841
1841
1841
1843
1843
1845
1845
1845
1853
1853
1854
1854
1855
1856
1857
1857
1858
1858
1858
1860
1861
1862
1864
1865
1865
1865
1868
1868
1869
1869
1873
1874
1874
1876
1876
1877
1877
1877
1877
1878
1879
1879
1879
1879
1880
1881
1881
1882
1882
1884
1887
1887
1887
1888
1889
1889
1889
1889
1890
1890
1891
1892
1893
1893
1894
1896
1896
1897
1897
1899
1899
1899
1899
1899
1899
1901
1901
1901
1902
1902
1902
1902
1903
1904
1906
1906
1907
1908
1911
1911
1911
1911
1911
1912
1912
1913
1913
1915
1916
1918
1919
1919
1920
1920
1920
1921
1921
1921
1921
1922
1922
1923
1923
1923
1923
1923
1924
1924
1924
1926
1926
1927
1927
1928
1929
1931
1932
1933
1936
1936
1937
1938
1938
1940
1941
1943
1944
1945
1946
1947
1948
1948
1950
1950
1950
1951
1951
1952
1952
1953
1953
1954
1955
1956
1958
1958
1959
1960
1960
1960
1961
1961
1961
1962
1963
1963
1964
1965
1965
1965
1966
1967
1967
1967
1968
1968
1969
1970
1970
1971
1971
1972
1974
1976
1976
1977
1978
1978
1978
1979
1979
1979
1980
1981
1981
1981
1982
1982
1983
1984
1984
1984
1985
1986
1987
1987
1987
1988
1988
1989
1989
1991
1992
1993
1996
1996
1996
1997
1998
1999
2001
2001
2001
2002
2002
2003
2003
2006
2006
2006
2007
2007
2007
2007
2008
2009
2010
2011
2011
2011
2012
2013
2014
2014
2016
2016
2018
2019
2021
2021
2023
2023
2024
2027
2029
2029
2030
2030
2030
2030
2033
2033
2033
2034
2035
2035
2036
2037
2038
2039
2039
2039
2039
2039
2040
2041
2042
2042
2042
2043
2044
2044
2045
2047
2047
2047
2047
2050
2051
2051
2052
2052
2052
2054
2054
2054
2055
2055
2056
2056
2058
2060
2061
2062
2063
2064
2067
2067
2067
2068
2068
2068
2068
2069
2069
2070
2070
2072
2072
2073
2073
2074
2075
2075
2075
2076
2078
2078
2078
2078
2079
2079
2079
2080
2080
2081
2081
2082
2082
2083
2084
2085
2085
2086
2087
2088
2089
2089
2090
2091
2091
2094
2095
2095
2095
2096
2097
2098
2098
2099
2100
2102
2103
2103
2105
2105
2106
2108
2109
2111
2111
2111
2111
2112
2112
2114
2114
2114
2115
2115
2116
2118
2118
2119
2119
2120
2121
2121
2122
2123
2125
2126
2127
2128
2129
2129
2129
2130
2130
2131
2131
2131
2132
2133
2133
2134
2137
2137
2138
2140
2142
2142
2142
2142
2143
2144
2145
2147
2148
2148
2150
2151
2151
2151
2151
2151
2151
2153
2154
2154
2154
2154
2154
2157
2157
2157
2158
2159
2159
2160
2161
2161
2161
2161
2161
2162
2162
2162
2163
2164
2165
2165
2166
2166
2167
2168
2168
2171
2171
2172
2172
2172
2173
2177
2178
2181
2183
2183
2183
2183
2183
2183
2184
2185
2186
2188
2190
2190
2191
2192
2193
2194
2195
2195
2198
2198
2200
2200
2201
2201
2202
2202
2204
2205
2206
2207
2209
2210
2210
2211
2211
2214
2215
2215
2216
2216
2217
2218
2219
2219
2219
2219
2220
2222
2223
2223
2224
2226
2226
2228
2228
2229
2229
2229
2230
2232
2233
2233
2237
2238
2238
2239
2239
2240
2240
2241
2241
2241
2242
2242
2243
2243
2244
2246
2247
2247
2248
2248
2249
2250
2250
2251
2251
2255
2255
2256
2258
2259
2261
2262
2263
2265
2265
2267
2268
2268
2269
2270
2270
2271
2271
2272
2273
2273
2275
2275
2275
2276
2278
2282
2283
2283
2284
2285
2285
2286
2287
2288
2290
2290
2291
2292
2292
2292
2293
2293
2293
2293
2295
2298
2298
2299
2300
2300
2301
2302
2302
2302
2302
2303
2303
2303
2307
2307
2308
2309
2309
2310
2312
2313
2314
2314
2317
2319
2320
2320
2321
2322
2322
2325
2325
2325
2326
2327
2327
2328
2330
2331
2334
2334
2334
2335
2335
2339
2339
2340
2340
2340
2342
2343
2343
2343
2345
2347
2349
2350
2351
2352
2353
2354
2354
2355
2355
2355
2357
2364
2364
2364
2365
2370
2371
2371
2372
2372
2372
2373
2374
2374
2374
2374
2375
2375
2376
2377
2377
2377
2378
2378
2378
2380
2380
2380
2380
2381
2382
2382
2382
2382
2382
2382
2383
2384
2384
2386
2387
2387
2388
2391
2391
2394
2395
2395
2396
2397
2398
2398
2398
2399
2399
2400
2400
2402
2403
2404
2405
2406
2406
2407
2408
2411
2411
2412
2412
2413
2413
2415
2415
2416
2417
2417
2417
2419
2419
2420
2421
2422
2423
2423
2423
2424
2424
2425
2425
2425
2425
2426
2428
2428
2428
2429
2429
2431
2433
2433
2433
2433
2434
2434
2434
2435
2437
2439
2439
2439
2440
2441
2443
2443
2445
2445
2449
2452
2452
2453
2453
2455
2455
2456
2456
2456
2456
2457
2457
2458
2460
2460
2461
2461
2463
2463
2463
2465
2465
2465
2467
2469
2470
2472
2473
2473
2476
2477
2479
2480
2480
2483
2484
2485
2485
2485
2487
2488
2489
2489
2490
2491
2493
2493
2494
2494
2497
2499
2500
2500
2500
2501
2503
2503
2506
2506
2508
2508
2509
2509
2510
2510
2510
2512
2512
2513
2513
2514
2515
2515
2517
2517
2518
2519
2519
2519
2519
2521
2521
2522
2523
2523
2524
2526
2526
2527
2527
2527
2527
2528
2530
2531
2531
2531
2532
2533
2534
2534
2536
2537
2538
2542
2543
2544
2544
2544
2546
2547
2548
2548
2548
2548
2548
2549
2551
2552
2552
2553
2553
2554
2556
2557
2557
2557
2557
2558
2560
2560
2561
2563
2563
2564
2564
2564
2564
2565
2566
2567
2567
2569
2570
2570
2570
2571
2574
2575
2575
2575
2576
2576
2576
2577
2578
2578
2578
2578
2579
2581
2582
2583
2585
2587
2588
2589
2589
2590
2591
2591
2591
2591
2592
2592
2593
2594
2594
2595
2595
2596
2599
2600
2601
2602
2604
2604
2604
2605
2605
2606
2606
2607
2607
2609
2612
2613
2613
2615
2616
2617
2618
2618
2621
2622
2622
2623
2624
2624
2625
2625
2626
2627
2629
2631
2632
2633
2633
2633
2635
2636
2636
2637
2638
2639
2639
2639
2640
2640
2642
2642
2643
2645
2645
2645
2645
2646
2646
2648
2648
2649
2650
2652
2653
2654
2655
2657
2657
2657
2658
2659
2662
2662
2663
2663
2663
2664
2664
2664
2664
2665
2666
2668
2669
2669
2670
2670
2670
2670
2671
2672
2673
2673
2674
2675
2677
2678
2678
2680
2680
2681
2682
2682
2682
2684
2684
2685
2685
2685
2686
2686
2687
2687
2687
2687
2688
2689
2689
2689
2691
2691
2692
2694
2694
2694
2694
2695
2696
2696
2696
2697
2697
2698
2699
2700
2701
2704
2704
2705
2706
2706
2706
2707
2707
2707
2707
2707
2708
2709
2710
2710
2711
2712
2712
2712
2713
2713
2715
2715
2717
2717
2718
2719
2720
2721
2721
2721
2721
2722
2724
2724
2724
2725
2725
2725
2725
2726
2727
2728
2728
2728
2729
2730
2730
2730
2731
2731
2732
2732
2732
2733
2734
2734
2734
2737
2737
2738
2739
2740
2743
2744
2745
2746
2747
2748
2748
2749
2750
2750
2752
2753
2755
2756
2756
2757
2757
2757
2757
2758
2761
2762
2763
2764
2764
2765
2765
2769
2770
2770
2771
2771
2772
2773
2773
2775
2776
2776
2778
2779
2780
2782
2784
2784
2786
2787
2787
2789
2789
2792
2792
2792
2792
2793
2793
2794
2795
2795
2797
2797
2798
2799
2800
2800
2801
2801
2801
2802
2802
2803
2803
2804
2805
2805
2805
2808
2809
2810
2810
2812
2813
2813
2813
2813
2815
2815
2816
2817
2817
2818
2818
2819
2819
2819
2821
2822
2824
2825
2825
2826
2826
2827
2828
2828
2828
2829
2830
2830
2831
2832
2832
2833
2836
2837
2837
2837
2838
2839
2839
2840
2840
2844
2845
2845
2846
2846
2847
2848
2849
2849
2849
2850
2850
2851
2851
2852
2852
2853
2853
2855
2855
2857
2858
2859
2859
2860
2861
2861
2862
2862
2865
2866
2867
2867
2868
2870
2870
2871
2871
2871
2871
2872
2873
2873
2874
2876
2876
2876
2877
2877
2880
2881
2882
2882
2883
2884
2884
2886
2887
2889
2890
2890
2891
2895
2895
2897
2898
2899
2901
2902
2903
2905
2905
2906
2907
2907
2907
2908
2908
2908
2909
2909
2910
2911
2911
2913
2913
2914
2914
2914
2915
2916
2916
2916
2917
2919
2921
2921
2922
2922
2922
2923
2923
2924
2924
2925
2926
2926
2926
2928
2929
2930
2930
2932
2932
2934
2935
2935
2936
2936
2937
2937
2938
2939
2939
2940
2940
2942
2943
2943
2944
2945
2945
2946
2946
2948
2948
2949
2951
2953
2954
2955
2955
2955
2956
2956
2958
2958
2959
2960
2960
2960
2960
2961
2961
2962
2962
2963
2963
2963
2963
2964
2964
2965
2966
2968
2969
2969
2971
2972
2972
2972
2973
2974
2975
2976
2976
2976
2976
2977
2978
2979
2980
2981
2982
2983
2983
2983
2984
2985
2985
2986
2986
2987
2987
2988
2988
2988
2989
2990
2990
2990
2990
2992
2992
2993
2993
2994
2995
2996
2997
2997
2997
2998
2999
2999
2999
2999
2999
3000
3001
3001
3001
3001
3001
3002
3002
3003
3004
3004
3004
3005
3005
3005
3006
3006
3007
3007
3008
3008
3010
3012
3013
3015
3016
3016
3017
3017
3017
3019
3022
3022
3023
3025
3025
3026
3026
3028
3032
3032
3036
3036
3036
3036
3038
3039
3039
3039
3040
3041
3042
3043
3044
3047
3047
3048
3048
3049
3049
3049
3049
3053
3053
3053
3053
3055
3058
3058
3059
3060
3060
3060
3061
3061
3061
3062
3062
3062
3064
3065
3065
3065
3066
3067
3067
3068
3071
3071
3073
3073
3074
3074
3075
3076
3077
3078
3078
3078
3078
3080
3082
3082
3083
3086
3087
3088
3090
3090
3090
3090
3092
3093
3094
3095
3095
3096
3097
3097
3099
3099
3100
3100
3100
3100
3101
3102
3104
3104
3106
3107
3107
3108
3109
3109
3111
3111
3112
3113
3114
3115
3117
3119
3119
3120
3120
3121
3121
3123
3123
3125
3126
3126
3126
3126
3127
3127
3128
3128
3128
3129
3129
3130
3131
3131
3131
3132
3133
3133
3133
3134
3134
3135
3135
3136
3137
3138
3139
3139
3139
3139
3140
3140
3140
3140
3143
3145
3145
3146
3148
3149
3149
3151
3151
3151
3151
3151
3153
3153
3155
3157
3158
3159
3161
3163
3164
3164
3164
3166
3167
3167
3168
3168
3168
3169
3170
3173
3173
3174
3175
3177
3178
3178
3178
3180
3180
3181
3181
3183
3183
3185
3185
3187
3187
3187
3187
3190
3190
3191
3192
3192
3192
3194
3196
3198
3198
3199
3201
3202
3202
3202
3205
3205
3206
3206
3207
3209
3210
3211
3212
3213
3213
3213
3216
3216
3217
3217
3218
3219
3220
3221
3221
3221
3225
3225
3227
3228
3230
3231
3231
3232
3235
3235
3237
3237
3238
3239
3239
3240
3241
3243
3245
3246
3246
3247
3247
3247
3249
3250
3250
3251
3253
3253
3254
3254
3255
3257
3257
3258
3258
3258
3258
3259
3261
3262
3262
3264
3264
3264
3265
3265
3265
3265
3269
3269
3272
3272
3272
3273
3273
3274
3274
3274
3274
3274
3274
3274
3274
3274
3276
3276
3278
3280
3280
3280
3280
3280
3281
3283
3284
3285
3286
3289
3290
3291
3292
3293
3293
3293
3295
3295
3295
3297
3298
3298
3300
3302
3302
3303
3306
3307
3308
3312
3314
3314
3316
3318
3318
3322
3323
3327
3327
3328
3328
3328
3328
3329
3330
3333
3336
3336
3336
3336
3338
3339
3339
3341
3341
3341
3343
3345
3346
3346
3346
3348
3348
3350
3350
3352
3353
3354
3354
3356
3356
3357
3358
3358
3359
3359
3359
3359
3360
3360
3363
3363
3364
3364
3364
3365
3366
3367
3369
3370
3374
3376
3377
3377
3378
3383
3383
3384
3385
3385
3386
3387
3387
3389
3389
3390
3390
3391
3391
3393
3394
3395
3395
3396
3396
3399
3399
3401
3401
3402
3403
3404
3404
3404
3404
3406
3406
3407
3407
3407
3407
3410
3410
3411
3412
3413
3414
3414
3414
3415
3416
3416
3416
3417
3418
3418
3418
3418
3419
3419
3420
3421
3423
3424
3424
3424
3426
3426
3427
3427
3427
3428
3428
3428
3429
3430
3431
3432
3432
3433
3435
3436
3436
3438
3438
3439
3439
3440
3441
3443
3444
3444
3445
3448
3448
3449
3449
3450
3450
3452
3453
3455
3456
3456
3457
3457
3458
3458
3458
3458
3459
3460
3460
3462
3462
3462
3463
3463
3463
3463
3464
3464
3465
3466
3466
3467
3468
3468
3470
3471
3471
3472
3472
3473
3473
3474
3474
3475
3475
3476
3476
3477
3479
3480
3480
3484
3486
3486
3487
3488
3489
3489
3490
3491
3494
3494
3496
3496
3496
3496
3497
3498
3499
3500
3501
3501
3502
3502
3505
3506
3506
3507
3507
3508
3508
3508
3508
3509
3511
3513
3513
3514
3514
3515
3515
3516
3516
3517
3517
3518
3518
3518
3519
3520
3521
3522
3523
3525
3526
3526
3527
3528
3528
3529
3529
3530
3532
3534
3534
3536
3537
3537
3538
3539
3539
3539
3541
3542
3543
3544
3544
3545
3546
3547
3547
3548
3551
3553
3554
3554
3554
3555
3556
3556
3559
3560
3560
3561
3561
3562
3563
3564
3565
3565
3566
3566
3568
3568
3568
3571
3571
3572
3573
3576
3576
3576
3578
3579
3579
3579
3580
3581
3582
3584
3585
3585
3586
3587
3587
3587
3587
3588
3589
3589
3589
3591
3592
3592
3592
3592
3594
3595
3596
3596
3596
3596
3596
3597
3597
3599
3599
3600
3600
3600
3602
3602
3604
3608
3608
3608
3609
3609
3610
3610
3612
3613
3613
3616
3618
3618
3619
3619
3619
3622
3622
3622
3622
3623
3623
3623
3623
3623
3625
3626
3627
3629
3630
3630
3631
3631
3631
3631
3631
3632
3632
3634
3634
3635
3635
3636
3637
3638
3639
3640
3640
3642
3642
3642
3642
3643
3643
3645
3647
3648
3649
3650
3652
3653
3653
3653
3653
3655
3657
3659
3660
3661
3661
3661
3662
3662
3662
3664
3664
3665
3665
3668
3669
3671
3671
3671
3672
3672
3673
3673
3673
3674
3674
3674
3676
3676
3677
3678
3679
3680
3682
3682
3682
3683
3684
3684
3684
3684
3688
3690
3690
3691
3693
3694
3694
3695
3696
3701
3702
3704
3706
3707
3708
3708
3709
3709
3710
3710
3711
3711
3713
3714
3714
3714
3715
3715
3715
3716
3716
3717
3717
3719
3719
3722
3722
3723
3723
3726
3726
3726
3727
3728
3728
3728
3730
3731
3731
3733
3733
3734
3734
3736
3737
3738
3738
3738
3741
3741
3741
3742
3742
3743
3744
3745
3745
3746
3746
3747
3747
3748
3750
3751
3751
3751
3752
3752
3753
3754
3754
3754
3754
3754
3755
3757
3758
3759
3760
3761
3761
3761
3762
3762
3765
3765
3766
3766
3767
3768
3769
3770
3771
3771
3772
3772
3775
3776
3776
3776
3778
3780
3781
3782
3782
3783
3783
3783
3784
3786
3787
3788
3788
3789
3792
3793
3794
3794
3797
3798
3799
3800
3800
3802
3803
3803
3803
3804
3804
3805
3808
3809
3809
3812
3813
3813
3814
3815
3816
3817
3818
3819
3823
3823
3825
3826
3826
3826
3827
3827
3829
3829
3829
3829
3829
3830
3830
3831
3831
3833
3834
3834
3836
3838
3838
3839
3839
3839
3840
3841
3841
3841
3841
3841
3844
3844
3845
3845
3845
3845
3846
3847
3848
3848
3851
3851
3852
3852
3853
3853
3854
3854
3856
3856
3857
3859
3860
3861
3862
3864
3865
3867
3868
3868
3869
3870
3871
3872
3873
3874
3875
3875
3875
3875
3876
3878
3878
3878
3878
3882
3883
3884
3887
3887
3888
3888
3888
3888
3889
3890
3890
3891
3891
3892
3892
3892
3892
3893
3894
3895
3895
3896
3897
3898
3898
3898
3899
3899
3900
3900
3900
3901
3902
3902
3902
3902
3903
3904
3905
3906
3908
3908
3910
3910
3912
3912
3914
3915
3916
3916
3917
3917
3917
3919
3920
3921
3921
3922
3923
3924
3924
3924
3924
3927
3928
3928
3929
3930
3931
3931
3932
3932
3932
3933
3933
3933
3933
3934
3934
3935
3937
3939
3941
3941
3942
3943
3947
3947
3947
3948
3948
3949
3949
3949
3950
3951
3951
3952
3952
3953
3953
3954
3957
3957
3957
3958
3960
3961
3961
3961
3962
3963
3964
3965
3965
3966
3967
3968
3968
3970
3972
3972
3972
3973
3973
3974
3975
3976
3977
3978
3978
3979
3979
3980
3980
3980
3981
3982
3983
3984
3984
3984
3984
3985
3985
3987
3987
3989
3990
3991
3991
3991
3992
3993
3993
3993
3994
3997
3997
3997
3999
3999
4000
4001
4002
4003
4003
4004
4004
4004
4004
4005
4005
4005
4006
4006
4006
4006
4007
4008
4008
4009
4009
4010
4010
4012
4013
4013
4015
4015
4016
4016
4017
4018
4018
4019
4019
4019
4022
4022
4022
4024
4025
4025
4025
4027
4027
4027
4029
4029
4032
4033
4034
4034
4035
4036
4036
4036
4037
4037
4037
4038
4039
4040
4040
4041
4041
4042
4043
4044
4045
4045
4046
4047
4047
4048
4048
4048
4052
4053
4054
4055
4056
4056
4056
4057
4058
4058
4060
4060
4060
4060
4060
4061
4061
4062
4063
4064
4064
4065
4069
4071
4073
4076
4076
4078
4078
4079
4079
4079
4079
4081
4081
4081
4082
4083
4083
4085
4086
4089
4089
4089
4089
4091
4094
4094
4096
4096
4096
4096
4098
4100
4101
4101
4103
4103
4104
4105
4106
4106
4106
4108
4109
4109
4110
4112
4112
4112
4113
4113
4116
4116
4117
4122
4122
4123
4123
4124
4125
4127
4127
4128
4129
4132
4133
4134
4134
4135
4135
4135
4136
4136
4138
4138
4139
4142
4143
4145
4145
4145
4147
4147
4148
4149
4149
4150
4151
4151
4153
4154
4154
4155
4156
4157
4157
4157
4159
4160
4161
4162
4163
4164
4165
4166
4168
4168
4169
4169
4170
4171
4171
4171
4172
4172
4176
4177
4178
4179
4179
4179
4180
4180
4180
4182
4183
4184
4184
4184
4185
4185
4185
4185
4187
4187
4188
4189
4189
4189
4189
4189
4190
4191
4191
4192
4192
4195
4195
4195
4197
4197
4198
4200
4201
4201
4203
4204
4205
4206
4206
4206
4207
4207
4207
4208
4208
4209
4212
4215
4216
4217
4217
4217
4218
4218
4218
4218
4219
4219
4222
4222
4223
4223
4224
4224
4225
4225
4226
4226
4227
4228
4228
4229
4230
4235
4236
4237
4238
4239
4239
4239
4240
4240
4242
4243
4243
4244
4244
4245
4245
4246
4246
4248
4249
4250
4250
4253
4253
4255
4256
4256
4257
4257
4257
4259
4259
4259
4259
4260
4261
4261
4262
4263
4264
4265
4266
4267
4267
4269
4270
4271
4272
4273
4274
4276
4277
4279
4279
4280
4280
4281
4282
4282
4284
4284
4284
4286
4288
4288
4288
4288
4291
4294
4295
4295
4295
4295
4296
4296
4297
4299
4300
4303
4304
4306
4307
4309
4309
4309
4310
4310
4312
4313
4313
4314
4315
4317
4318
4319
4320
4320
4321
4324
4325
4325
4326
4327
4328
4329
4330
4331
4333
4335
4335
4335
4336
4337
4337
4339
4339
4340
4340
4342
4342
4343
4343
4344
4345
4346
4346
4348
4349
4350
4352
4352
4353
4353
4353
4355
4356
4357
4358
4358
4358
4359
4359
4361
4362
4363
4364
4367
4370
4371
4372
4372
4373
4373
4373
4374
4375
4377
4377
4378
4382
4382
4382
4383
4383
4383
4383
4384
4384
4385
4385
4386
4386
4386
4386
4386
4388
4389
4390
4390
4390
4390
4391
4391
4391
4392
4394
4395
4396
4398
4398
4399
4401
4401
4405
4407
4407
4411
4416
4416
4417
4418
4418
4419
4420
4420
4420
4422
4422
4423
4424
4424
4424
4425
4425
4425
4426
4426
4426
4426
4427
4428
4428
4429
4429
4430
4430
4431
4432
4433
4433
4434
4435
4435
4438
4438
4438
4439
4440
4440
4442
4443
4444
4445
4445
4446
4446
4447
4447
4448
4449
4449
4449
4449
4454
4454
4455
4457
4458
4459
4459
4460
4461
4461
4461
4463
4464
4464
4464
4466
4466
4468
4468
4468
4469
4470
4470
4471
4472
4472
4473
4475
4475
4478
4479
4479
4479
4479
4480
4481
4481
4483
4483
4484
4484
4484
4484
4485
4485
4486
4487
4488
4489
4490
4490
4492
4495
4495
4495
4496
4496
4497
4498
4499
4502
4502
4503
4503
4503
4503
4505
4505
4505
4506
4507
4510
4510
4510
4511
4512
4512
4513
4514
4515
4515
4516
4516
4516
4516
4516
4517
4518
4521
4522
4523
4523
4523
4524
4524
4524
4525
4525
4532
4534
4534
4535
4535
4537
4537
4538
4538
4538
4538
4539
4540
4540
4542
4542
4544
4545
4546
4548
4549
4549
4549
4550
4550
4550
4551
4552
4553
4553
4553
4554
4556
4557
4557
4558
4558
4558
4558
4559
4560
4560
4563
4564
4566
4567
4567
4569
4570
4570
4571
4572
4574
4574
4575
4575
4576
4587
4588
4588
4589
4590
4590
4592
4592
4595
4596
4597
4598
4598
4599
4600
4600
4603
4603
4604
4605
4607
4608
4608
4608
4608
4608
4609
4611
4611
4612
4614
4617
4617
4617
4618
4618
4618
4618
4621
4622
4623
4623
4623
4624
4624
4625
4625
4628
4629
4630
4631
4632
4632
4633
4634
4635
4635
4636
4636
4638
4638
4638
4638
4639
4639
4640
4640
4643
4643
4643
4643
4644
4644
4644
4645
4649
4649
4650
4650
4651
4652
4653
4653
4653
4653
4654
4655
4656
4657
4657
4658
4658
4659
4659
4659
4660
4660
4660
4661
4661
4662
4662
4663
4663
4663
4664
4664
4667
4667
4668
4668
4669
4669
4670
4670
4671
4671
4671
4673
4673
4674
4674
4675
4677
4677
4679
4679
4680
4680
4680
4681
4682
4683
4683
4683
4684
4686
4687
4687
4688
4688
4690
4692
4694
4694
4696
4697
4698
4698
4698
4699
4699
4699
4699
4700
4700
4701
4701
4703
4703
4704
4704
4705
4705
4706
4706
4707
4708
4709
4710
4710
4711
4713
4713
4713
4713
4715
4715
4716
4716
4717
4717
4717
4719
4720
4720
4720
4720
4721
4725
4725
4726
4728
4729
4733
4734
4735
4736
4736
4736
4739
4739
4740
4741
4742
4742
4742
4744
4744
4745
4745
4746
4746
4746
4747
4748
4748
4750
4750
4751
4751
4752
4753
4754
4755
4755
4755
4755
4757
4758
4760
4760
4761
4761
4763
4765
4765
4767
4768
4769
4770
4770
4770
4771
4772
4772
4772
4773
4775
4776
4777
4777
4778
4780
4781
4782
4783
4784
4785
4785
4785
4786
4788
4788
4789
4790
4791
4792
4793
4793
4793
4794
4794
4796
4796
4798
4798
4798
4799
4800
4800
4801
4802
4802
4804
4804
4804
4804
4805
4805
4806
4806
4808
4809
4809
4809
4812
4813
4813
4813
4814
4814
4815
4816
4817
4818
4819
4820
4820
4821
4821
4822
4822
4825
4825
4828
4828
4829
4829
4829
4832
4833
4834
4834
4835
4836
4836
4837
4837
4838
4838
4838
4839
4840
4840
4841
4841
4841
4841
4842
4842
4844
4844
4845
4846
4846
4847
4848
4850
4852
4853
4853
4854
4855
4856
4858
4858
4858
4859
4859
4859
4860
4860
4861
4862
4862
4862
4862
4863
4865
4867
4868
4868
4868
4871
4873
4875
4876
4877
4877
4878
4879
4879
4881
4882
4884
4886
4888
4888
4888
4891
4891
4891
4892
4892
4894
4895
4896
4896
4897
4897
4899
4899
4900
4901
4902
4903
4908
4910
4911
4911
4912
4912
4912
4913
4913
4914
4916
4916
4917
4917
4917
4918
4918
4918
4919
4920
4921
4922
4924
4924
4924
4925
4926
4926
4928
4930
4931
4931
4932
4933
4934
4934
4934
4935
4937
4937
4938
4938
4938
4938
4940
4940
4940
4941
4941
4943
4943
4943
4944
4945
4946
4947
4947
4948
4948
4949
4949
4950
4950
4953
4953
4954
4954
4954
4955
4956
4957
4958
4960
4961
4962
4962
4963
4963
4964
4964
4965
4966
4966
4967
4967
4968
4968
4968
4968
4972
4973
4973
4973
4973
4975
4976
4979
4981
4982
4982
4985
4985
4985
4985
4985
4986
4987
4988
4989
4990
4990
4990
4993
4995
4997
4998
4998
4998
5000
5001
5003
5005
5005
5006
5006
5007
5007
5007
5010
5010
5010
5011
5011
5013
5015
5016
5016
5016
5017
5017
5017
5020
5022
5022
5023
5024
5025
5026
5026
5028
5029
5030
5030
5030
5031
5031
5032
5032
5032
5033
5034
5035
5036
5036
5036
5036
5036
5038
5038
5038
5038
5039
5040
5041
5041
5042
5044
5045
5046
5049
5052
5053
5054
5056
5056
5057
5059
5061
5061
5061
5064
5064
5064
5064
5064
5065
5066
5068
5069
5069
5070
5071
5071
5072
5074
5075
5076
5076
5078
5078
5079
5080
5080
5080
5082
5083
5084
5084
5086
5086
5086
5087
5087
5088
5088
5089
5090
5090
5091
5094
5095
5096
5097
5099
5100
5100
5101
5101
5102
5102
5103
5103
5103
5103
5105
5105
5105
5108
5109
5109
5110
5110
5110
5110
5111
5112
5112
5112
5112
5113
5114
5114
5115
5116
5117
5117
5118
5118
5118
5118
5119
5119
5121
5121
5121
5123
5124
5124
5124
5124
5125
5125
5128
5130
5131
5136
5136
5137
5138
5139
5139
5141
5141
5141
5142
5143
5143
5143
5145
5145
5146
5147
5149
5150
5150
5151
5152
5152
5153
5153
5154
5154
5154
5155
5155
5155
5155
5156
5156
5157
5158
5159
5160
5161
5161
5162
5163
5163
5165
5166
5167
5167
5167
5167
5169
5170
5172
5174
5175
5176
5176
5177
5177
5180
5180
5181
5181
5182
5182
5182
5183
5183
5185
5191
5191
5192
5193
5193
5194
5195
5196
5197
5197
5198
5198
5199
5200
5201
5202
5203
5203
5204
5204
5205
5205
5207
5209
5210
5212
5212
5212
5212
5212
5214
5214
5216
5218
5218
5218
5221
5222
5222
5222
5223
5223
5224
5224
5224
5225
5225
5228
5229
5229
5229
5230
5230
5231
5232
5232
5233
5233
5234
5234
5234
5234
5235
5235
5235
5236
5237
5239
5241
5241
5242
5242
5243
5243
5244
5245
5247
5248
5249
5250
5251
5252
5252
5252
5253
5255
5256
5256
5258
5259
5261
5262
5262
5264
5264
5264
5266
5267
5268
5269
5269
5271
5271
5272
5273
5273
5273
5273
5273
5274
5274
5274
5277
5278
5279
5279
5280
5280
5281
5281
5285
5286
5287
5287
5289
5289
5289
5290
5290
5291
5291
5295
5295
5297
5297
5298
5300
5303
5303
5303
5303
5305
5305
5306
5306
5306
5306
5307
5307
5307
5307
5307
5308
5309
5309
5311
5312
5313
5315
5315
5315
5316
5316
5317
5317
5318
5319
5319
5319
5321
5323
5324
5329
5329
5331
5331
5331
5332
5332
5334
5334
5336
5337
5337
5338
5339
5340
5340
5340
5341
5341
5341
5342
5343
5344
5344
5345
5346
5348
5348
5349
5350
5354
5354
5355
5357
5358
5358
5359
5359
5361
5361
5361
5362
5362
5363
5363
5365
5366
5366
5367
5367
5368
5368
5370
5370
5372
5372
5373
5373
5373
5374
5376
5376
5378
5379
5380
5380
5381
5381
5382
5383
5383
5383
5383
5384
5384
5384
5385
5386
5386
5386
5387
5387
5389
5389
5389
5390
5392
5395
5396
5396
5398
5399
5400
5400
5400
5400
5403
5403
5404
5404
5404
5405
5405
5408
5409
5409
5409
5410
5410
5412
5412
5413
5413
5415
5416
5417
5418
5418
5418
5418
5420
5421
5423
5424
5424
5426
5427
5427
5428
5430
5431
5431
5433
5433
5433
5434
5436
5437
5439
5439
5441
5441
5443
5443
5444
5444
5444
5444
5445
5446
5447
5447
5448
5449
5449
5450
5451
5453
5453
5453
5455
5455
5456
5456
5457
5457
5459
5460
5461
5461
5461
5462
5462
5463
5464
5464
5464
5465
5465
5466
5466
5468
5470
5470
5470
5472
5473
5473
5473
5474
5474
5474
5475
5475
5476
5476
5477
5477
5478
5479
5479
5479
5480
5481
5483
5484
5485
5485
5485
5486
5487
5488
5489
5489
5489
5492
5492
5494
5494
5494
5496
5497
5497
5498
5499
5499
5499
5499
5500
5500
5502
5503
5504
5505
5506
5507
5508
5510
5510
5511
5512
5512
5514
5515
5516
5518
5518
5518
5519
5519
5519
5519
5521
5521
5523
5524
5524
5525
5525
5528
5529
5529
5529
5530
5531
5533
5534
5537
5538
5538
5538
5538
5541
5541
5542
5543
5543
5543
5544
5544
5544
5545
5545
5545
5546
5547
5547
5549
5550
5550
5550
5551
5551
5552
5552
5552
5554
5554
5556
5557
5558
5558
5558
5558
5559
5559
5560
5560
5561
5561
5563
5563
5564
5564
5566
5566
5567
5567
5567
5569
5569
5570
5571
5571
5571
5575
5575
5576
5577
5577
5578
5579
5580
5581
5582
5582
5583
5584
5585
5585
5586
5589
5589
5589
5590
5591
5591
5592
5593
5593
5593
5593
5594
5595
5595
5596
5601
5601
5602
5602
5602
5605
5605
5606
5606
5607
5607
5608
5609
5609
5611
5611
5612
5613
5613
5614
5615
5615
5616
5617
5617
5617
5617
5618
5618
5619
5619
5619
5622
5622
5623
5624
5624
5624
5625
5626
5627
5627
5627
5628
5628
5628
5629
5629
5630
5630
5631
5631
5631
5631
5632
5633
5633
5634
5635
5636
5638
5639
5639
5640
5640
5643
5643
5644
5645
5645
5647
5648
5649
5649
5649
5650
5651
5652
5653
5654
5655
5656
5656
5656
5656
5658
5659
5659
5660
5661
5661
5661
5661
5662
5662
5663
5664
5666
5666
5667
5667
5667
5669
5670
5671
5671
5672
5674
5674
5677
5678
5679
5680
5680
5683
5683
5685
5685
5685
5686
5686
5687
5689
5690
5690
5691
5692
5693
5696
5696
5697
5698
5700
5700
5701
5701
5704
5704
5705
5705
5706
5706
5706
5707
5708
5709
5709
5709
5709
5710
5710
5711
5712
5713
5716
5716
5718
5718
5721
5723
5723
5724
5725
5725
5725
5726
5727
5727
5728
5729
5730
5730
5731
5731
5731
5731
5732
5732
5732
5732
5732
5732
5733
5733
5735
5736
5736
5736
5737
5737
5738
5739
5739
5739
5739
5739
5741
5742
5743
5746
5748
5749
5750
5750
5751
5753
5754
5755
5755
5755
5756
5756
5757
5757
5759
5759
5760
5760
5761
5762
5764
5764
5765
5766
5768
5769
5770
5771
5771
5771
5771
5772
5773
5773
5778
5778
5780
5780
5781
5782
5783
5784
5786
5787
5787
5788
5789
5789
5791
5791
5793
5793
5794
5795
5795
5796
5796
5797
5801
5801
5802
5802
5804
5804
5805
5805
5805
5805
5805
5806
5807
5808
5808
5808
5809
5809
5809
5814
5814
5814
5815
5815
5815
5815
5815
5816
5817
5817
5817
5817
5818
5818
5819
5819
5822
5822
5823
5823
5824
5824
5824
5825
5825
5826
5826
5827
5827
5827
5828
5829
5829
5829
5830
5830
5830
5831
5831
5833
5833
5833
5835
5837
5839
5839
5839
5840
5840
5840
5841
5848
5848
5848
5849
5850
5850
5852
5852
5853
5856
5856
5856
5857
5857
5858
5858
5859
5860
5860
5861
5861
5862
5862
5863
5863
5865
5865
5867
5867
5867
5868
5868
5869
5870
5870
5870
5871
5874
5875
5875
5875
5876
5877
5878
5878
5880
5880
5880
5882
5882
5882
5882
5883
5885
5886
5886
5887
5888
5888
5888
5889
5889
5890
5891
5891
5894
5896
5896
5897
5898
5898
5898
5899
5899
5899
5900
5901
5901
5903
5904
5904
5904
5904
5904
5910
5912
5912
5913
5913
5913
5914
5914
5915
5915
5917
5917
5918
5918
5918
5919
5919
5919
5922
5922
5923
5923
5923
5924
5924
5924
5925
5925
5925
5926
5927
5927
5927
5927
5928
5932
5936
5936
5937
5937
5937
5938
5938
5939
5940
5941
5941
5941
5943
5943
5944
5945
5946
5947
5947
5948
5950
5950
5950
5951
5951
5952
5952
5952
5952
5953
5953
5953
5956
5956
5957
5959
5959
5960
5961
5962
5962
5962
5963
5963
5964
5964
5964
5965
5968
5968
5970
5971
5971
5976
5976
5977
5979
5979
5981
5982
5984
5984
5985
5985
5985
5985
5986
5986
5986
5987
5988
5989
5989
5989
5989
5990
5991
5991
5993
5994
5995
5995
5995
5996
5996
5997
5997
5997
5999
6000
6000
6000
6001
6005
6007
6007
6007
6007
6011
6012
6012
6013
6014
6014
6017
6017
6017
6017
6018
6018
6018
6018
6019
6020
6020
6021
6022
6023
6025
6026
6027
6027
6028
6028
6029
6032
6032
6034
6034
6034
6035
6036
6036
6036
6037
6037
6037
6037
6037
6039
6042
6042
6045
6045
6047
6047
6048
6049
6049
6050
6051
6053
6054
6054
6055
6056
6056
6057
6058
6058
6058
6059
6059
6064
6065
6066
6067
6068
6069
6069
6070
6072
6073
6074
6074
6075
6075
6075
6075
6076
6079
6080
6081
6081
6081
6082
6082
6082
6083
6083
6084
6084
6084
6085
6086
6087
6088
6088
6091
6093
6093
6094
6095
6095
6096
6097
6097
6098
6098
6098
6100
6100
6100
6102
6102
6102
6103
6103
6105
6107
6107
6108
6110
6110
6111
6111
6111
6111
6111
6112
6114
6115
6116
6116
6116
6118
6118
6119
6119
6119
6121
6122
6123
6123
6123
6123
6123
6125
6125
6126
6128
6129
6130
6130
6130
6130
6132
6132
6133
6133
6134
6134
6136
6137
6137
6137
6139
6139
6142
6142
6142
6143
6144
6145
6147
6148
6148
6149
6149
6150
6150
6150
6151
6154
6155
6156
6157
6159
6159
6160
6160
6161
6161
6162
6162
6162
6163
6164
6166
6166
6167
6169
6169
6170
6170
6171
6171
6172
6173
6173
6174
6174
6175
6175
6175
6175
6176
6176
6177
6178
6178
6179
6179
6180
6181
6182
6183
6184
6184
6185
6185
6185
6186
6186
6187
6187
6187
6188
6188
6189
6189
6190
6191
6192
6193
6194
6194
6196
6196
6198
6200
6201
6202
6202
6202
6202
6203
6203
6204
6204
6205
6205
6206
6206
6206
6207
6209
6209
6209
6211
6211
6215
6216
6218
6219
6219
6219
6219
6220
6222
6223
6223
6224
6224
6225
6225
6226
6227
6228
6229
6229
6231
6232
6232
6233
6233
6235
6235
6235
6236
6236
6238
6239
6239
6240
6240
6241
6241
6241
6242
6243
6244
6244
6245
6245
6250
6250
6252
6252
6253
6253
6254
6255
6255
6256
6258
6259
6260
6260
6260
6260
6262
6264
6265
6265
6267
6267
6268
6268
6269
6270
6271
6272
6273
6274
6275
6276
6278
6279
6280
6280
6280
6282
6283
6284
6284
6287
6288
6289
6290
6290
6292
6293
6293
6293
6294
6294
6295
6296
6297
6298
6299
6300
6304
6305
6305
6306
6307
6308
6308
6309
6310
6310
6311
6313
6314
6315
6315
6317
6317
6318
6319
6320
6320
6321
6321
6321
6322
6322
6322
6323
6324
6325
6327
6327
6327
6327
6327
6329
6330
6331
6332
6332
6333
6333
6333
6333
6334
6337
6337
6338
6338
6339
6340
6341
6341
6342
6343
6344
6344
6345
6345
6345
6345
6346
6346
6346
6348
6348
6352
6352
6355
6355
6356
6356
6356
6356
6356
6357
6357
6358
6359
6359
6360
6362
6362
6363
6364
6365
6366
6366
6367
6368
6370
6371
6371
6373
6373
6374
6374
6374
6376
6376
6378
6378
6378
6379
6379
6380
6380
6382
6382
6383
6386
6386
6387
6388
6388
6388
6389
6389
6390
6390
6391
6392
6392
6393
6395
6396
6399
6400
6401
6401
6401
6402
6402
6404
6404
6406
6406
6407
6407
6407
6408
6408
6410
6411
6412
6412
6412
6413
6413
6414
6415
6415
6417
6417
6419
6419
6421
6421
6422
6422
6423
6425
6425
6425
6426
6426
6426
6427
6429
6430
6430
6431
6432
6433
6434
6434
6435
6435
6436
6436
6438
6440
6440
6441
6441
6442
6442
6442
6443
6443
6444
6444
6446
6446
6449
6449
6450
6453
6460
6461
6461
6461
6462
6462
6462
6463
6463
6466
6467
6467
6468
6468
6468
6469
6469
6469
6470
6472
6472
6473
6474
6474
6474
6476
6478
6480
6481
6481
6482
6483
6485
6485
6485
6486
6486
6487
6488
6489
6489
6489
6489
6489
6491
6494
6495
6498
6499
6500
6500
6501
6502
6502
6502
6506
6509
6509
6509
6510
6511
6515
6516
6516
6517
6517
6521
6521
6524
6524
6525
6525
6528
6529
6530
6531
6531
6532
6533
6535
6536
6536
6536
6537
6538
6539
6540
6541
6543
6543
6544
6545
6546
6547
6548
6548
6548
6549
6549
6549
6551
6553
6553
6553
6554
6554
6554
6555
6555
6556
6557
6558
6559
6559
6560
6561
6564
6564
6564
6565
6566
6567
6569
6569
6571
6573
6573
6573
6574
6574
6577
6577
6579
6579
6580
6581
6583
6584
6585
6587
6587
6588
6588
6588
6591
6591
6592
6592
6592
6593
6593
6593
6593
6594
6597
6597
6598
6598
6600
6600
6601
6601
6602
6603
6603
6604
6604
6604
6605
6605
6605
6606
6607
6608
6608
6612
6612
6612
6612
6613
6614
6615
6617
6618
6620
6622
6623
6624
6627
6627
6627
6628
6628
6628
6629
6629
6631
6632
6632
6633
6633
6633
6634
6634
6636
6637
6637
6637
6638
6638
6638
6640
6640
6641
6641
6643
6646
6646
6648
6649
6649
6650
6652
6653
6654
6655
6655
6655
6657
6658
6659
6660
6661
6663
6664
6664
6665
6665
6665
6667
6672
6673
6675
6677
6678
6679
6681
6681
6682
6683
6685
6686
6687
6687
6688
6689
6690
6691
6691
6692
6693
6695
6695
6695
6696
6697
6697
6698
6698
6698
6698
6699
6699
6700
6706
6706
6706
6707
6708
6709
6709
6709
6710
6711
6713
6714
6716
6717
6719
6719
6720
6720
6721
6721
6722
6722
6723
6723
6724
6725
6726
6727
6729
6729
6729
6729
6729
6730
6731
6731
6732
6732
6733
6734
6735
6735
6735
6736
6737
6738
6738
6739
6740
6741
6743
6743
6744
6745
6746
6746
6746
6746
6747
6747
6747
6748
6748
6749
6749
6750
6750
6751
6751
6752
6753
6753
6754
6757
6757
6757
6758
6758
6760
6760
6761
6763
6763
6764
6765
6765
6767
6767
6770
6770
6771
6772
6772
6773
6773
6773
6774
6774
6775
6776
6776
6776
6776
6776
6776
6779
6779
6780
6780
6780
6781
6782
6784
6785
6786
6786
6787
6788
6789
6789
6791
6791
6792
6792
6792
6793
6793
6794
6795
6795
6796
6796
6796
6797
6797
6799
6800
6800
6800
6801
6803
6803
6807
6807
6809
6809
6810
6810
6812
6813
6813
6814
6815
6816
6816
6816
6820
6820
6821
6821
6821
6821
6822
6822
6822
6823
6823
6823
6825
6825
6825
6826
6826
6826
6827
6827
6828
6828
6828
6829
6830
6830
6832
6832
6832
6833
6834
6834
6834
6835
6836
6840
6840
6843
6843
6844
6844
6847
6849
6849
6849
6850
6853
6853
6854
6855
6855
6856
6857
6857
6857
6857
6858
6860
6861
6861
6861
6862
6862
6863
6865
6866
6868
6869
6871
6871
6872
6873
6874
6875
6875
6876
6876
6876
6876
6879
6879
6881
6882
6884
6884
6884
6885
6886
6886
6887
6888
6889
6891
6891
6891
6892
6894
6895
6896
6897
6898
6898
6898
6898
6898
6900
6901
6901
6901
6901
6902
6904
6904
6905
6905
6905
6905
6906
6908
6909
6909
6910
6910
6913
6914
6915
6916
6917
6918
6918
6918
6920
6920
6920
6921
6921
6922
6925
6926
6926
6928
6928
6928
6928
6929
6930
6930
6932
6932
6933
6934
6936
6938
6938
6939
6941
6942
6942
6944
6944
6945
6946
6946
6947
6947
6949
6950
6950
6951
6951
6952
6953
6953
6954
6954
6955
6955
6955
6955
6958
6959
6959
6959
6960
6960
6960
6963
6964
6964
6966
6966
6966
6966
6967
6969
6972
6972
6972
6972
6973
6974
6976
6977
6977
6978
6978
6979
6979
6980
6980
6980
6981
6982
6982
6983
6983
6984
6984
6985
6985
6985
6985
6986
6986
6987
6991
6991
6991
6991
6992
6993
6993
6994
6996
6999
6999
7000
7002
7002
7002
7004
7005
7011
7011
7012
7012
7013
7015
7015
7016
7016
7016
7017
7017
7020
7020
7023
7023
7024
7024
7025
7026
7026
7026
7027
7028
7029
7029
7030
7030
7031
7031
7034
7035
7036
7036
7037
7039
7040
7041
7042
7042
7042
7044
7044
7045
7045
7046
7046
7049
7050
7050
7050
7051
7052
7052
7053
7053
7053
7055
7055
7055
7056
7056
7056
7058
7058
7058
7058
7058
7059
7061
7061
7061
7061
7064
7065
7065
7067
7067
7067
7069
7069
7073
7074
7075
7075
7076
7079
7079
7082
7083
7083
7083
7084
7084
7085
7086
7087
7087
7087
7087
7088
7089
7089
7089
7090
7091
7091
7093
7093
7093
7095
7097
7097
7097
7099
7099
7100
7100
7100
7101
7102
7103
7103
7105
7105
7105
7106
7107
7108
7108
7109
7109
7110
7110
7112
7112
7116
7117
7118
7119
7120
7121
7121
7122
7123
7124
7124
7124
7124
7125
7125
7130
7131
7132
7132
7133
7134
7134
7135
7137
7137
7138
7138
7139
7139
7139
7139
7139
7140
7140
7140
7141
7141
7143
7144
7145
7146
7146
7147
7147
7148
7151
7152
7152
7153
7154
7154
7154
7155
7155
7156
7156
7158
7158
7159
7159
7161
7161
7162
7162
7163
7164
7164
7166
7167
7169
7169
7170
7172
7172
7172
7173
7176
7178
7178
7178
7178
7182
7182
7183
7184
7184
7185
7185
7185
7186
7186
7188
7189
7190
7190
7191
7191
7191
7192
7192
7193
7194
7195
7195
7196
7196
7198
7199
7199
7200
7200
7200
7201
7203
7204
7204
7204
7205
7205
7209
7210
7211
7212
7212
7213
7213
7213
7213
7214
7214
7214
7215
7215
7215
7218
7218
7219
7219
7219
7222
7222
7222
7223
7223
7225
7225
7225
7225
7225
7227
7228
7230
7232
7233
7235
7238
7239
7240
7240
7241
7244
7244
7245
7245
7247
7248
7249
7249
7251
7251
7253
7253
7255
7255
7255
7256
7256
7257
7257
7258
7259
7259
7259
7259
7260
7260
7263
7263
7264
7266
7267
7267
7267
7268
7269
7269
7269
7271
7272
7272
7272
7272
7273
7275
7275
7275
7275
7275
7277
7277
7277
7278
7279
7279
7280
7281
7282
7283
7283
7284
7285
7287
7287
7287
7289
7290
7291
7291
7292
7292
7292
7293
7293
7294
7294
7295
7295
7296
7296
7296
7297
7298
7299
7300
7300
7301
7301
7303
7305
7306
7308
7309
7309
7309
7310
7310
7311
7311
7312
7312
7314
7315
7315
7315
7315
7316
7319
7320
7320
7320
7321
7321
7322
7323
7323
7325
7325
7325
7325
7326
7327
7327
7328
7328
7329
7329
7329
7331
7332
7333
7334
7334
7336
7336
7338
7340
7342
7342
7347
7349
7351
7353
7353
7354
7355
7356
7356
7357
7357
7358
7359
7363
7363
7365
7366
7367
7367
7368
7369
7371
7371
7371
7372
7373
7373
7374
7374
7376
7376
7376
7377
7378
7379
7380
7380
7381
7381
7383
7383
7383
7384
7384
7385
7386
7386
7388
7388
7388
7389
7389
7390
7390
7392
7393
7394
7394
7395
7395
7397
7397
7400
7400
7401
7402
7402
7402
7403
7404
7404
7404
7404
7405
7406
7406
7407
7408
7408
7410
7410
7410
7411
7411
7412
7412
7413
7413
7413
7413
7417
7418
7419
7419
7419
7421
7421
7421
7422
7422
7422
7423
7424
7425
7425
7426
7426
7428
7429
7430
7431
7432
7432
7433
7434
7435
7435
7437
7437
7437
7438
7438
7438
7439
7441
7441
7443
7443
7443
7445
7445
7446
7447
7449
7451
7452
7453
7454
7454
7455
7455
7455
7456
7457
7458
7459
7459
7460
7460
7460
7460
7461
7464
7465
7465
7467
7468
7469
7470
7471
7471
7471
7471
7471
7472
7472
7473
7474
7474
7475
7476
7479
7479
7480
7482
7483
7484
7487
7487
7488
7488
7490
7491
7492
7492
7492
7493
7494
7495
7495
7496
7497
7497
7498
7498
7499
7499
7499
7500
7501
7501
7501
7502
7504
7504
7505
7505
7506
7509
7509
7509
7511
7511
7512
7513
7514
7515
7515
7515
7517
7517
7517
7519
7520
7520
7520
7520
7520
7521
7522
7522
7522
7523
7523
7523
7524
7525
7525
7527
7527
7528
7528
7530
7531
7532
7532
7532
7533
7533
7534
7535
7535
7537
7538
7539
7539
7539
7539
7540
7541
7541
7542
7543
7543
7543
7544
7546
7546
7549
7549
7549
7549
7550
7551
7554
7554
7554
7555
7555
7556
7556
7556
7557
7561
7564
7564
7564
7566
7569
7571
7572
7572
7573
7573
7573
7574
7574
7575
7576
7577
7577
7578
7578
7578
7579
7579
7582
7583
7583
7585
7585
7587
7588
7588
7589
7589
7590
7590
7591
7591
7593
7593
7594
7594
7594
7594
7596
7597
7599
7599
7599
7600
7600
7602
7602
7603
7603
7604
7604
7608
7609
7609
7609
7609
7612
7613
7616
7618
7619
7619
7620
7622
7622
7623
7624
7624
7624
7624
7625
7625
7625
7626
7627
7627
7627
7631
7631
7633
7633
7634
7635
7635
7636
7636
7636
7636
7637
7637
7638
7638
7638
7639
7639
7642
7642
7644
7644
7645
7646
7648
7649
7649
7650
7650
7650
7651
7651
7653
7654
7654
7655
7655
7655
7655
7657
7659
7659
7659
7660
7661
7661
7662
7662
7662
7663
7664
7664
7664
7665
7666
7668
7669
7670
7671
7671
7671
7672
7673
7673
7674
7675
7676
7677
7678
7678
7678
7679
7679
7680
7680
7684
7684
7685
7686
7687
7687
7688
7689
7689
7690
7690
7691
7691
7691
7692
7692
7693
7694
7694
7696
7697
7697
7697
7698
7698
7698
7698
7700
7701
7702
7702
7707
7707
7709
7710
7711
7711
7714
7714
7715
7715
7715
7717
7717
7717
7718
7719
7720
7720
7720
7720
7720
7723
7723
7726
7726
7728
7728
7728
7728
7728
7729
7730
7733
7734
7737
7738
7739
7740
7741
7743
7743
7744
7744
7745
7746
7746
7747
7747
7748
7748
7750
7752
7752
7752
7754
7755
7756
7756
7759
7759
7759
7760
7760
7761
7762
7764
7764
7765
7768
7769
7769
7769
7770
7771
7772
7772
7773
7773
7777
7777
7778
7779
7779
7780
7780
7780
7781
7782
7783
7783
7784
7786
7786
7789
7789
7790
7791
7791
7792
7792
7793
7793
7794
7794
7796
7797
7798
7799
7800
7800
7800
7800
7801
7802
7803
7805
7805
7806
7806
7806
7808
7808
7809
7810
7810
7810
7811
7811
7811
7812
7812
7813
7814
7814
7815
7817
7817
7817
7818
7819
7819
7819
7819
7821
7822
7823
7823
7824
7824
7824
7824
7825
7825
7826
7827
7827
7828
7828
7828
7829
7829
7829
7830
7830
7830
7831
7832
7835
7835
7836
7836
7836
7837
7838
7839
7839
7839
7840
7840
7840
7840
7843
7843
7844
7844
7845
7846
7846
7848
7848
7849
7849
7849
7850
7850
7850
7851
7852
7852
7853
7853
7853
7854
7856
7856
7858
7860
7862
7862
7863
7863
7863
7863
7863
7863
7864
7864
7864
7864
7864
7864
7864
7865
7865
7866
7866
7868
7869
7870
7870
7870
7871
7873
7874
7875
7875
7877
7877
7877
7877
7877
7879
7879
7880
7880
7881
7882
7887
7888
7889
7889
7890
7890
7890
7891
7891
7892
7894
7894
7894
7894
7895
7898
7898
7901
7902
7904
7905
7905
7907
7908
7909
7909
7909
7910
7911
7913
7913
7913
7913
7913
7914
7915
7916
7917
7918
7919
7923
7924
7924
7925
7926
7928
7929
7929
7929
7929
7931
7931
7931
7932
7932
7932
7932
7932
7932
7933
7933
7935
7936
7937
7937
7939
7939
7939
7941
7942
7944
7945
7946
7946
7947
7947
7948
7948
7949
7949
7950
7953
7955
7955
7960
7962
7962
7963
7964
7965
7965
7966
7966
7966
7966
7970
7972
7973
7974
7974
7974
7975
7976
7977
7978
7979
7980
7981
7983
7985
7985
7986
7986
7986
7989
7990
7990
7990
7991
7991
7991
7992
7992
7993
7993
7993
7994
7994
7996
7996
7997
7997
7998
7999
7999
8002
8002
8003
8003
8004
8004
8005
8008
8009
8009
8009
8010
8010
8010
8014
8014
8015
8016
8016
8016
8017
8017
8018
8018
8019
8020
8020
8021
8023
8023
8026
8027
8027
8027
8028
8029
8029
8030
8031
8032
8032
8033
8033
8033
8034
8037
8038
8039
8039
8040
8042
8042
8042
8045
8045
8045
8047
8047
8048
8049
8049
8050
8051
8052
8052
8054
8054
8055
8055
8055
8057
8057
8059
8060
8061
8061
8063
8063
8064
8065
8065
8066
8066
8066
8068
8069
8070
8070
8070
8071
8071
8072
8073
8073
8074
8074
8075
8075
8076
8076
8077
8077
8078
8079
8080
8080
8080
8082
8084
8084
8084
8085
8088
8090
8091
8093
8093
8094
8094
8094
8095
8095
8096
8096
8098
8099
8100
8100
8101
8102
8102
8103
8103
8104
8104
8104
8104
8104
8104
8105
8105
8106
8106
8107
8107
8108
8109
8109
8109
8110
8111
8111
8111
8112
8113
8113
8114
8116
8117
8119
8119
8120
8120
8120
8120
8121
8122
8123
8124
8124
8126
8126
8127
8127
8127
8127
8128
8128
8128
8129
8131
8131
8132
8134
8134
8134
8135
8135
8135
8136
8136
8137
8140
8142
8142
8142
8142
8143
8148
8149
8149
8150
8152
8152
8153
8153
8154
8155
8159
8160
8161
8161
8162
8162
8162
8163
8163
8163
8164
8164
8166
8167
8167
8168
8169
8169
8170
8170
8173
8176
8178
8178
8178
8180
8180
8181
8181
8181
8183
8184
8184
8185
8185
8186
8187
8188
8189
8189
8191
8193
8195
8196
8196
8196
8196
8198
8198
8200
8201
8203
8204
8205
8205
8206
8206
8206
8208
8209
8209
8210
8211
8211
8211
8213
8213
8214
8216
8218
8218
8219
8219
8221
8221
8222
8222
8222
8223
8224
8224
8225
8225
8225
8225
8225
8226
8226
8226
8227
8228
8230
8231
8231
8232
8234
8235
8235
8236
8236
8237
8237
8237
8238
8238
8238
8242
8242
8242
8243
8244
8245
8245
8246
8246
8246
8247
8248
8248
8248
8248
8248
8249
8249
8250
8250
8251
8251
8251
8252
8252
8253
8253
8255
8255
8255
8256
8257
8258
8258
8259
8260
8260
8260
8262
8264
8265
8265
8265
8267
8268
8272
8273
8277
8277
8278
8279
8280
8280
8281
8282
8282
8283
8283
8284
8286
8286
8286
8289
8290
8292
8293
8295
8295
8295
8296
8296
8299
8300
8300
8300
8301
8302
8302
8303
8303
8303
8305
8305
8306
8306
8308
8308
8308
8308
8308
8308
8310
8310
8310
8311
8311
8313
8313
8313
8314
8315
8316
8318
8319
8319
8320
8321
8321
8321
8322
8324
8324
8324
8325
8326
8326
8326
8326
8328
8330
8330
8331
8332
8333
8334
8334
8334
8336
8336
8336
8338
8338
8339
8340
8341
8345
8345
8346
8348
8349
8354
8354
8355
8357
8357
8358
8358
8360
8360
8362
8364
8365
8365
8366
8366
8366
8366
8367
8367
8367
8368
8369
8369
8369
8370
8370
8370
8371
8375
8375
8376
8378
8379
8380
8380
8380
8381
8381
8382
8383
8383
8383
8384
8384
8385
8385
8386
8386
8387
8391
8392
8392
8392
8392
8393
8394
8394
8395
8396
8396
8396
8396
8397
8398
8401
8402
8402
8403
8404
8406
8407
8408
8408
8409
8410
8410
8411
8413
8414
8415
8416
8417
8419
8421
8421
8421
8421
8423
8425
8425
8426
8427
8427
8427
8428
8429
8429
8430
8432
8433
8433
8434
8434
8435
8437
8437
8437
8438
8438
8439
8439
8440
8440
8443
8443
8444
8444
8445
8445
8446
8447
8449
8449
8449
8451
8454
8454
8458
8458
8458
8459
8459
8460
8460
8461
8462
8462
8463
8463
8464
8465
8466
8468
8470
8470
8471
8471
8472
8472
8472
8472
8473
8475
8475
8475
8476
8476
8478
8481
8482
8483
8484
8485
8485
8486
8486
8487
8487
8487
8488
8489
8490
8490
8491
8491
8492
8493
8494
8495
8496
8497
8500
8500
8501
8503
8503
8505
8505
8506
8506
8507
8507
8509
8509
8510
8511
8513
8513
8515
8515
8516
8517
8517
8517
8517
8518
8520
8521
8521
8522
8522
8523
8523
8523
8523
8524
8524
8525
8525
8528
8529
8531
8532
8532
8534
8535
8535
8536
8537
8540
8540
8541
8541
8542
8544
8544
8544
8545
8546
8547
8548
8548
8548
8549
8550
8552
8552
8553
8553
8553
8555
8557
8558
8558
8558
8558
8558
8559
8559
8559
8560
8561
8561
8561
8562
8562
8562
8563
8564
8565
8565
8567
8569
8569
8572
8574
8574
8576
8576
8576
8577
8577
8577
8578
8578
8578
8580
8581
8585
8586
8587
8587
8588
8588
8590
8591
8591
8591
8593
8594
8594
8595
8595
8596
8597
8597
8598
8598
8598
8598
8599
8599
8600
8600
8600
8600
8601
8602
8602
8603
8603
8603
8608
8609
8609
8609
8610
8611
8611
8613
8613
8614
8614
8615
8616
8617
8617
8617
8618
8619
8620
8620
8622
8622
8624
8625
8626
8627
8627
8629
8633
8633
8633
8633
8634
8635
8636
8636
8637
8637
8638
8640
8642
8643
8643
8643
8644
8645
8646
8647
8647
8647
8647
8648
8648
8648
8648
8649
8651
8651
8652
8652
8652
8653
8653
8653
8653
8654
8656
8657
8658
8658
8659
8659
8661
8662
8662
8663
8663
8664
8665
8666
8666
8668
8669
8669
8669
8669
8670
8671
8671
8672
8674
8676
8676
8677
8678
8678
8678
8679
8679
8679
8680
8681
8681
8683
8684
8684
8685
8685
8685
8686
8686
8687
8688
8688
8688
8689
8690
8690
8690
8692
8692
8693
8693
8694
8694
8697
8697
8698
8699
8699
8699
8699
8700
8700
8700
8702
8702
8702
8703
8704
8704
8704
8705
8705
8707
8707
8708
8708
8709
8709
8711
8712
8712
8712
8712
8713
8714
8715
8716
8716
8716
8718
8719
8719
8720
8721
8722
8725
8726
8726
8726
8727
8727
8728
8731
8731
8732
8733
8733
8734
8735
8736
8736
8736
8736
8738
8739
8740
8740
8740
8742
8743
8745
8746
8747
8747
8748
8748
8749
8749
8751
8751
8753
8753
8754
8755
8755
8756
8757
8757
8758
8758
8759
8761
8761
8761
8762
8763
8763
8764
8764
8768
8769
8770
8771
8771
8773
8776
8776
8777
8777
8779
8779
8782
8782
8783
8785
8785
8786
8787
8788
8789
8789
8790
8790
8793
8793
8794
8794
8796
8796
8797
8797
8797
8798
8799
8799
8799
8799
8799
8799
8799
8800
8801
8801
8802
8802
8802
8802
8804
8805
8806
8808
8808
8810
8810
8810
8812
8812
8812
8813
8817
8821
8821
8821
8821
8822
8823
8825
8825
8826
8828
8829
8829
8830
8830
8830
8830
8831
8831
8831
8833
8834
8834
8835
8835
8836
8837
8837
8838
8838
8840
8841
8842
8842
8843
8844
8845
8846
8846
8851
8852
8852
8854
8855
8855
8855
8855
8856
8856
8857
8857
8857
8858
8858
8859
8862
8864
8864
8865
8866
8866
8868
8868
8869
8869
8870
8872
8876
8876
8876
8877
8877
8877
8877
8878
8878
8880
8881
8881
8881
8881
8883
8883
8883
8884
8886
8886
8887
8888
8889
8889
8889
8890
8891
8891
8893
8893
8895
8895
8895
8897
8898
8898
8898
8900
8900
8901
8902
8902
8902
8903
8903
8903
8904
8904
8905
8905
8906
8906
8907
8907
8907
8909
8910
8911
8912
8912
8912
8913
8913
8913
8913
8913
8915
8915
8917
8918
8919
8920
8920
8921
8922
8922
8923
8923
8923
8924
8924
8924
8924
8925
8925
8926
8928
8928
8928
8928
8929
8930
8930
8931
8931
8933
8933
8934
8934
8935
8935
8935
8937
8939
8941
8942
8943
8944
8944
8946
8946
8947
8948
8948
8948
8949
8950
8950
8951
8951
8951
8953
8953
8953
8953
8954
8955
8955
8957
8957
8958
8960
8960
8961
8963
8964
8966
8966
8967
8968
8968
8968
8969
8969
8969
8970
8970
8970
8972
8973
8973
8974
8974
8974
8974
8976
8977
8979
8979
8980
8981
8982
8982
8983
8984
8986
8987
8987
8988
8989
8992
8992
8992
8993
8994
8994
8996
8996
8996
8996
8996
8996
8997
8997
8998
8999
9000
9000
9001
9002
9002
9002
9003
9004
9006
9008
9008
9009
9010
9011
9012
9013
9014
9015
9015
9020
9024
9025
9026
9026
9028
9028
9028
9028
9029
9030
9030
9031
9032
9033
9033
9035
9035
9037
9038
9038
9040
9040
9041
9041
9042
9042
9042
9044
9044
9045
9045
9045
9045
9046
9046
9046
9048
9048
9049
9049
9049
9050
9050
9051
9052
9052
9052
9053
9053
9053
9056
9056
9056
9057
9057
9057
9058
9058
9061
9061
9063
9063
9063
9064
9066
9066
9067
9069
9069
9070
9072
9072
9072
9072
9073
9073
9074
9075
9076
9076
9077
9078
9078
9078
9078
9079
9080
9080
9081
9081
9082
9082
9083
9084
9084
9085
9086
9086
9086
9087
9087
9088
9088
9088
9090
9093
9093
9095
9095
9095
9095
9096
9099
9099
9100
9100
9100
9100
9101
9101
9101
9105
9106
9107
9108
9109
9109
9109
9109
9111
9112
9112
9112
9112
9112
9114
9114
9115
9115
9116
9116
9116
9117
9118
9118
9119
9121
9121
9121
9122
9122
9122
9124
9124
9129
9130
9130
9131
9132
9132
9132
9132
9133
9133
9133
9135
9136
9136
9136
9137
9137
9138
9138
9138
9138
9139
9139
9139
9140
9140
9141
9141
9141
9143
9143
9145
9145
9145
9148
9149
9151
9152
9152
9153
9154
9156
9157
9158
9161
9161
9162
9162
9164
9164
9164
9164
9165
9167
9167
9167
9168
9168
9169
9171
9173
9173
9174
9175
9175
9177
9178
9179
9179
9183
9184
9186
9186
9187
9188
9189
9189
9190
9192
9193
9193
9194
9194
9194
9194
9195
9197
9197
9197
9198
9200
9201
9201
9201
9202
9202
9203
9204
9204
9204
9205
9205
9206
9207
9208
9208
9208
9209
9210
9210
9211
9212
9213
9214
9215
9215
9215
9216
9216
9217
9217
9221
9221
9222
9222
9223
9224
9225
9226
9227
9227
9228
9229
9229
9229
9232
9234
9235
9237
9237
9239
9239
9240
9242
9242
9242
9244
9245
9245
9248
9249
9250
9250
9250
9251
9253
9256
9258
9260
9261
9262
9263
9263
9263
9264
9265
9265
9266
9267
9268
9269
9269
9269
9269
9270
9270
9271
9272
9273
9273
9273
9274
9275
9276
9276
9277
9278
9278
9278
9278
9279
9279
9279
9279
9280
9281
9282
9282
9283
9284
9284
9284
9285
9285
9286
9287
9289
9289
9289
9289
9290
9290
9292
9293
9293
9294
9295
9295
9297
9298
9298
9299
9300
9301
9302
9305
9307
9307
9307
9310
9311
9311
9311
9311
9312
9312
9313
9314
9314
9317
9317
9319
9320
9320
9321
9322
9323
9323
9324
9325
9329
9330
9331
9331
9332
9333
9334
9334
9334
9335
9335
9337
9338
9338
9339
9340
9340
9341
9342
9343
9343
9344
9345
9346
9351
9354
9355
9356
9356
9357
9357
9357
9358
9358
9359
9361
9362
9362
9363
9364
9365
9365
9366
9369
9370
9371
9371
9372
9373
9373
9374
9374
9374
9376
9376
9378
9379
9379
9382
9383
9383
9383
9385
9385
9386
9386
9387
9388
9390
9390
9391
9391
9392
9392
9393
9393
9394
9394
9395
9397
9397
9397
9399
9402
9403
9404
9405
9406
9408
9408
9408
9409
9410
9410
9411
9411
9412
9412
9412
9414
9415
9415
9416
9418
9419
9421
9421
9421
9422
9422
9422
9422
9423
9425
9426
9427
9428
9428
9430
9430
9430
9431
9432
9432
9434
9436
9437
9437
9439
9439
9439
9439
9439
9440
9441
9441
9442
9443
9443
9444
9444
9444
9446
9447
9447
9447
9448
9449
9450
9450
9450
9451
9451
9451
9452
9453
9455
9455
9456
9456
9457
9457
9457
9457
9458
9458
9459
9459
9459
9460
9460
9461
9462
9462
9462
9462
9464
9464
9465
9465
9466
9467
9468
9468
9468
9469
9470
9470
9472
9473
9475
9475
9477
9477
9477
9477
9477
9478
9478
9478
9481
9481
9482
9483
9483
9484
9484
9484
9486
9486
9488
9488
9489
9490
9490
9491
9492
9492
9493
9493
9493
9493
9495
9496
9497
9499
9503
9506
9507
9509
9512
9512
9514
9514
9514
9514
9517
9518
9518
9521
9522
9522
9522
9524
9526
9528
9528
9530
9532
9533
9534
9534
9535
9535
9536
9536
9537
9537
9538
9538
9539
9539
9540
9541
9541
9541
9543
9543
9543
9544
9544
9545
9545
9546
9546
9547
9547
9549
9549
9550
9550
9551
9552
9553
9554
9554
9555
9556
9557
9562
9562
9564
9565
9566
9567
9567
9568
9569
9569
9569
9569
9570
9571
9572
9573
9574
9577
9577
9580
9581
9581
9584
9585
9586
9587
9587
9589
9589
9589
9590
9590
9591
9591
9592
9593
9594
9597
9598
9598
9599
9599
9599
9600
9601
9601
9603
9603
9603
9604
9604
9605
9606
9608
9610
9611
9612
9613
9613
9614
9614
9615
9615
9615
9616
9616
9616
9619
9619
9620
9620
9620
9622
9622
9622
9623
9624
9624
9625
9625
9626
9626
9628
9628
9629
9629
9630
9630
9630
9631
9632
9633
9634
9636
9636
9638
9638
9639
9639
9639
9640
9640
9640
9641
9641
9643
9644
9644
9644
9644
9644
9645
9645
9646
9647
9648
9648
9649
9649
9651
9651
9651
9654
9654
9655
9658
9659
9659
9661
9662
9663
9663
9663
9664
9665
9666
9666
9668
9669
9670
9671
9672
9672
9673
9674
9674
9676
9677
9681
9682
9682
9683
9683
9683
9685
9688
9688
9689
9689
9689
9690
9690
9691
9691
9692
9693
9693
9693
9694
9694
9696
9698
9699
9700
9703
9704
9706
9706
9706
9706
9707
9708
9708
9710
9713
9714
9714
9715
9717
9717
9718
9718
9719
9719
9721
9721
9721
9721
9721
9722
9722
9722
9723
9723
9724
9724
9725
9728
9730
9731
9732
9733
9733
9734
9734
9735
9735
9735
9736
9737
9737
9737
9738
9738
9739
9739
9740
9740
9741
9741
9742
9742
9742
9743
9743
9744
9745
9746
9746
9747
9748
9748
9750
9751
9753
9755
9755
9755
9757
9757
9758
9759
9759
9760
9760
9760
9761
9764
9765
9765
9766
9767
9768
9769
9770
9773
9773
9773
9774
9774
9775
9778
9779
9780
9780
9783
9783
9783
9784
9784
9784
9785
9787
9787
9788
9789
9789
9789
9790
9791
9791
9793
9793
9795
9796
9798
9800
9800
9801
9801
9802
9802
9802
9803
9803
9804
9805
9805
9806
9806
9810
9810
9813
9813
9813
9814
9814
9815
9817
9817
9819
9821
9822
9823
9824
9825
9825
9827
9828
9828
9829
9829
9830
9830
9830
9830
9831
9831
9831
9831
9831
9832
9832
9832
9832
9832
9833
9836
9836
9836
9836
9838
9839
9839
9839
9841
9841
9842
9843
9843
9844
9845
9846
9846
9847
9849
9850
9851
9851
9852
9852
9852
9853
9856
9857
9858
9858
9858
9859
9859
9860
9860
9861
9861
9862
9863
9864
9864
9866
9866
9867
9867
9868
9870
9870
9871
9871
9872
9872
9873
9873
9874
9875
9875
9876
9876
9877
9880
9881
9881
9882
9883
9883
9883
9884
9885
9886
9887
9890
9891
9892
9893
9893
9894
9895
9895
9897
9897
9897
9898
9899
9900
9901
9902
9903
9904
9905
9909
9910
9912
9913
9913
9915
9916
9916
9918
9919
9919
9920
9921
9921
9923
9924
9925
9927
9927
9928
9931
9933
9935
9936
9937
9937
9940
9943
9943
9944
9944
9944
9945
9945
9945
9946
9948
9950
9950
9950
9950
9951
9951
9952
9952
9952
9953
9953
9954
9954
9954
9954
9955
9955
9956
9956
9956
9957
9958
9960
9960
9961
9963
9964
9964
9964
9965
9966
9966
9966
9967
9971
9974
9976
9977
9977
9977
9978
9979
9980
9981
9981
9983
9984
9984
9985
9986
9986
9987
9987
9989
9990
9990
9991
9992
9992
9993
9995
9995
9995
9996
9996
9997
9997
9999
9999
9999