1242
1239
1238
1237
1235
1231
1232
1230
1229
1228
1226
1223
1222
1219
1218
1216
1215
1210
1203
1200
1190
1185
1184
1183
1179
1178
1176
1165
1163
1158
1151
1150
1148
1142
1135
1128
1124
1122
1118
1112
1111
1110
1107
1106
1105
1103
1099
1094
1089
1088
1116
1085
1084
1083
1080
1079
1076
1073
1071
1070
1069
1067
1063
1059
1057
1054
1049
1224
1044
1042
1041
1039
1038
1036
1035
1030
1025
1019
1017
1015
1009
1005
1002
1001
999
998
996
995
994
988
983
1240
981
980
979
970
969
964
963
961
950
948
945
944
943
941
936
935
930
929
927
925
924
920
918
917
915
909
903
895
890
887
1066
886
910
885
884
878
865
861
857
853
839
837
881
836
834
830
825
824
822
812
809
808
805
804
802
800
799
1000
798
793
791
788
787
784
781
780
771
768
765
764
763
762
756
755
966
752
746
744
743
734
731
730
740
725
1051
724
806
721
720
718
714
712
711
709
707
696
1153
695
694
692
701
1140
691
686
683
916
681
680
1074
678
677
675
904
1055
672
671
667
665
662
660
657
655
653
652
650
649
647
645
641
639
637
634
632
693
631
628
726
676
626
623
957
1164
621
619
1125
616
610
603
1174
600
594
592
591
1161
588
587
1113
868
584
892
582
581
1104
576
567
687
566
563
562
573
984
643
758
688
560
555
1123
553
549
543
541
536
535
533
531
530
528
525
1117
524
570
522
521
519
517
1152
515
511
510
508
504
503
500
499
497
494
597
492
1133
838
490
1027
489
486
481
478
477
475
472
471
468
985
1159
467
466
523
465
460
459
568
991
1241
993
1011
818
1191
534
457
757
455
454
449
444
443
441
440
439
438
436
976
750
434
431
860
429
419
418
417
414
412
408
406
405
403
474
402
400
1132
399
396
395
1053
394
387
1004
385
382
380
379
1177
377
376
986
738
375
370
1100
369
390
368
572
367
365
363
361
360
359
357
356
810
1187
351
348
347
346
342
340
617
550
336
333
332
330
329
325
323
622
684
316
432
797
315
736
308
306
305
304
942
785
302
300
297
295
294
1138
1092
343
1016
292
1028
795
698
856
291
289
288
287
285
284
283
281
280
278
275
274
461
273
271
270
268
739
266
265
263
262
313
575
260
1091
254
827
253
1031
252
251
250
633
245
242
243
668
293
620
241
240
277
922
239
1199
1022
238
732
236
234
908
311
411
1198
1221
598
1186
233
229
1196
1050
228
889
1207
226
783
1134
939
586
888
955
224
223
222
919
1227
1072
221
219
648
651
1075
216
215
959
977
214
210
1220
272
1119
208
206
204
200
198
195
1211
257
194
526
192
191
1157
190
301
502
189
187
926
1225
906
973
435
595
183
181
179
177
1160
1189
1064
899
484
748
697
174
312
544
708
875
427
921
1193
1156
374
956
212
625
1145
488
173
792
172
171
170
165
163
823
162
766
773
602
509
161
160
372
158
156
334
1243
155
153
149
147
146
144
142
141
137
561
1168
136
135
733
1026
495
255
862
717
479
529
1175
131
727
130
129
126
124
121
120
217
1062
397
814
235
168
420
116
115
113
1024
112
353
110
462
864
139
816
150
609
108
107
1236
167
193
539
1098
106
105
102
674
682
669
577
450
101
138
820
627
99
97
96
159
93
92
89
87
86
85
547
111
413
1078
1006
845
83
364
82
81
760
80
1114
77
1102
314
1209
1101
452
259
611
1061
1077
715
76
1029
442
859
341
433
952
938
98
75
407
74
246
166
94
473
244
73
72
873
69
391
914
68
67
66
64
63
71
850
61
974
849
322
542
185
540
60
358
344
59
493
57
56
54
445
345
1087
580
1136
670
813
897
870
618
53
49
65
47
44
157
227
565
1109
607
569
335
476
470
656
1052
1162
663
1090
659
960
706
1137
700
1213
559
269
43
258
42
819
722
879
127
483
184
437
673
41
321
907
1003
1172
728
40
39
38
36
415
331
1214
188
829
482
1023
143
545
946
831
381
911
327
248
70
428
1115
296
213
923
874
661
789
1233
779
151
421
1010
1081
225
199
134
393
1020
585
772
122
967
1048
883
48
613
1212
774
901
767
1008
371
1143
713
1068
1204
841
858
538
1130
1129
982
629
769
615
125
1121
1045
937
876
45
965
1108
786
512
833
778
872
583
182
992
1065
749
35
34
373
32
931
579
554
801
232
951
578
742
1171
409
388
152
690
31
52
349
753
958
817
761
1018
997
844
30
29
1033
28
26
902
298
237
1170
896
25
22
605
1195
21
20
19
18
119
118
953
646
811
404
423
469
303
1043
50
299
1034
37
1040
971
128
729
776
737
898
928
593
1217
320
640
103
1056
1205
685
501
148
689
91
716
514
425
456
1197
934
1047
78
55
207
863
574
1173
782
88
703
877
719
710
847
201
386
614
821
1149
1060
62
480
1155
564
378
912
145
770
1181
551
866
133
1192
209
220
855
932
491
1021
851
132
123
355
267
975
635
848
1007
1013
496
354
666
46
513
1058
33
552
571
507
1169
891
894
104
702
940
401
458
84
197
350
751
589
705
337
557
735
1097
90
972
446
546
520
968
249
630
218
699
154
1234
704
679
498
624
384
17
796
1139
16
463
310
14
13
12
608
8
962
7
871
169
5
4
319
3
506
95
276
658
987
205
775
913
590
815
882
230
636
392
518
447
487
1166
318
723
794
842
596
175
1120
453
178
532
366
1206
599
117
416
867
430
505
832
1093
548
1141
759
109
326
261
11
398
1037
27
527
485
352
338
1127
654
286
893
869
264
835
1208
558
990
282
140
279
754
612
828
947
638
448
196
843
846
100
247
790
933
1046
807
978
741
317
211
949
362
642
114
826
1032
1202
1180
905
900
290
1146
15
854
1012
1182
426
10
1154
6
23
604
309
424
203
644
606
803
180
328
451
1188
1131
745
164
464
186
1201
339
324
954
176
383
1144
664
307
1167
840
1086
1096
79
9
1126
880
24
1194
1082
1014
777
58
989
256
556
389
231
537
852
601
410
747
422
1147
516
51
1095
202
2
1
0
